Supplemental results for CODEML (seqf: 2ppn.txt  treef: 2ppnTree.trees)


MLEs of dN/dS (w) for site classes (K=4)

p:   0.21273  0.45841  0.11148  0.21738
w:   0.00294  0.00295  0.08625  0.08625

Naive Empirical Bayes (NEB) probabilities for 4 classes & postmean_w
(amino acids refer to 1st sequence: Human)

   1 M   0.30810 0.66382 0.00952 0.01856 ( 2)  0.005
   2 G   0.28747 0.61942 0.03156 0.06155 ( 2)  0.011
   3 V   0.29534 0.63637 0.02315 0.04514 ( 2)  0.009
   4 Q   0.00001 0.00001 0.33897 0.66101 ( 4)  0.086
   5 V   0.00013 0.00028 0.33884 0.66076 ( 4)  0.086
   6 E   0.30034 0.64713 0.01780 0.03472 ( 2)  0.007
   7 T   0.28805 0.62067 0.03094 0.06034 ( 2)  0.011
   8 I   0.29837 0.64289 0.01991 0.03883 ( 2)  0.008
   9 S   0.05018 0.10828 0.28526 0.55627 ( 4)  0.073
  10 P   0.05840 0.12602 0.27646 0.53911 ( 4)  0.071
  11 G   0.28419 0.61235 0.03507 0.06839 ( 2)  0.012
  12 D   0.30253 0.65184 0.01546 0.03016 ( 2)  0.007
  13 G   0.07949 0.17151 0.25390 0.49510 ( 4)  0.065
  14 R   0.29004 0.62495 0.02882 0.05619 ( 2)  0.010
  15 T   0.28641 0.61712 0.03270 0.06377 ( 2)  0.011
  16 F   0.27861 0.60033 0.04104 0.08003 ( 2)  0.013
  17 P   0.27498 0.59251 0.04492 0.08759 ( 2)  0.014
  18 K   0.30182 0.65032 0.01622 0.03164 ( 2)  0.007
  19 R   0.08709 0.18792 0.24575 0.47923 ( 4)  0.063
  20 G   0.29609 0.63797 0.02235 0.04359 ( 2)  0.008
  21 Q   0.28623 0.61673 0.03289 0.06414 ( 2)  0.011
  22 T   0.00359 0.00775 0.33513 0.65352 ( 4)  0.085
  23 C   0.26922 0.58010 0.05108 0.09960 ( 2)  0.015
  24 V   0.29069 0.62635 0.02812 0.05484 ( 2)  0.010
  25 V   0.29457 0.63470 0.02398 0.04676 ( 2)  0.009
  26 H   0.28621 0.61671 0.03291 0.06417 ( 2)  0.011
  27 Y   0.28716 0.61875 0.03189 0.06219 ( 2)  0.011
  28 T   0.07458 0.16092 0.25915 0.50535 ( 4)  0.067
  29 G   0.29206 0.62930 0.02666 0.05198 ( 2)  0.009
  30 M   0.30810 0.66382 0.00952 0.01856 ( 2)  0.005
  31 L   0.27278 0.58777 0.04727 0.09218 ( 2)  0.015
  32 E   0.08005 0.17273 0.25329 0.49393 ( 4)  0.065
  33 D   0.10072 0.21732 0.23117 0.45079 ( 4)  0.060
  34 G   0.29244 0.63012 0.02625 0.05119 ( 2)  0.009
  35 K   0.12831 0.27685 0.20164 0.39320 ( 4)  0.053
  36 K   0.29932 0.64493 0.01890 0.03685 ( 2)  0.008
  37 F   0.27663 0.59608 0.04315 0.08414 ( 2)  0.014
  38 D   0.30179 0.65025 0.01626 0.03170 ( 2)  0.007
  39 S   0.26850 0.57856 0.05184 0.10110 ( 2)  0.016
  40 S   0.27378 0.58994 0.04620 0.09008 ( 2)  0.014
  41 R   0.27478 0.59208 0.04513 0.08801 ( 2)  0.014
  42 D   0.30543 0.65809 0.01237 0.02411 ( 2)  0.006
  43 R   0.28526 0.61465 0.03393 0.06616 ( 2)  0.011
  44 N   0.30428 0.65560 0.01360 0.02652 ( 2)  0.006
  45 K   0.30075 0.64801 0.01737 0.03387 ( 2)  0.007
  46 P   0.27456 0.59161 0.04537 0.08847 ( 2)  0.014
  47 F   0.28448 0.61298 0.03476 0.06778 ( 2)  0.011
  48 K   0.30226 0.65127 0.01575 0.03072 ( 2)  0.007
  49 F   0.28457 0.61318 0.03466 0.06759 ( 2)  0.011
  50 M   0.00000 0.00000 0.33897 0.66102 ( 4)  0.086
  51 L   0.00258 0.00558 0.33621 0.65563 ( 4)  0.086
  52 G   0.29405 0.63359 0.02453 0.04783 ( 2)  0.009
  53 K   0.02510 0.05418 0.31210 0.60861 ( 4)  0.080
  54 Q   0.00243 0.00526 0.33637 0.65594 ( 4)  0.086
  55 E   0.30010 0.64661 0.01807 0.03523 ( 2)  0.007
  56 V   0.29586 0.63748 0.02260 0.04406 ( 2)  0.008
  57 I   0.29987 0.64611 0.01831 0.03571 ( 2)  0.007
  58 R   0.08745 0.18870 0.24537 0.47847 ( 4)  0.063
  59 G   0.29533 0.63634 0.02316 0.04517 ( 2)  0.009
  60 W   0.00222 0.00479 0.33660 0.65639 ( 4)  0.086
  61 E   0.30038 0.64721 0.01776 0.03464 ( 2)  0.007
  62 E   0.29812 0.64235 0.02018 0.03935 ( 2)  0.008
  63 G   0.28792 0.62039 0.03108 0.06060 ( 2)  0.011
  64 V   0.00341 0.00737 0.33533 0.65390 ( 4)  0.085
  65 A   0.08035 0.17339 0.25297 0.49329 ( 4)  0.065
  66 Q   0.28669 0.61773 0.03240 0.06318 ( 2)  0.011
  67 M   0.30810 0.66382 0.00952 0.01856 ( 2)  0.005
  68 S   0.29576 0.63726 0.02271 0.04428 ( 2)  0.009
  69 V   0.00262 0.00565 0.33617 0.65555 ( 4)  0.086
  70 G   0.29186 0.62887 0.02687 0.05240 ( 2)  0.010
  71 Q   0.28675 0.61786 0.03234 0.06306 ( 2)  0.011
  72 R   0.28982 0.62446 0.02906 0.05666 ( 2)  0.010
  73 A   0.29375 0.63293 0.02486 0.04847 ( 2)  0.009
  74 K   0.30118 0.64893 0.01691 0.03298 ( 2)  0.007
  75 L   0.00310 0.00669 0.33566 0.65455 ( 4)  0.085
  76 T   0.08893 0.19189 0.24379 0.47539 ( 4)  0.063
  77 I   0.00293 0.00634 0.33584 0.65489 ( 4)  0.085
  78 S   0.00302 0.00653 0.33574 0.65471 ( 4)  0.085
  79 P   0.05225 0.11275 0.28304 0.55195 ( 4)  0.073
  80 D   0.29912 0.64450 0.01911 0.03727 ( 2)  0.008
  81 Y   0.00010 0.00022 0.33887 0.66081 ( 4)  0.086
  82 A   0.29402 0.63351 0.02457 0.04791 ( 2)  0.009
  83 Y   0.27229 0.58671 0.04780 0.09320 ( 2)  0.015
  84 G   0.28467 0.61339 0.03456 0.06739 ( 2)  0.011
  85 A   0.00016 0.00035 0.33881 0.66069 ( 4)  0.086
  86 T   0.28162 0.60681 0.03782 0.07375 ( 2)  0.012
  87 G   0.29502 0.63567 0.02349 0.04581 ( 2)  0.009
  88 H   0.29490 0.63542 0.02362 0.04606 ( 2)  0.009
  89 P   0.27730 0.59752 0.04243 0.08274 ( 2)  0.013
  90 G   0.28951 0.62381 0.02938 0.05730 ( 2)  0.010
  91 I   0.10725 0.23142 0.22418 0.43715 ( 4)  0.058
  92 I   0.29989 0.64615 0.01829 0.03567 ( 2)  0.007
  93 P   0.26641 0.57405 0.05408 0.10546 ( 2)  0.016
  94 P   0.06166 0.13305 0.27298 0.53232 ( 4)  0.070
  95 H   0.11248 0.24270 0.21858 0.42624 ( 4)  0.057
  96 A   0.29649 0.63885 0.02192 0.04274 ( 2)  0.008
  97 T   0.28665 0.61765 0.03244 0.06326 ( 2)  0.011
  98 L   0.28173 0.60705 0.03770 0.07352 ( 2)  0.012
  99 V   0.11051 0.23844 0.22070 0.43036 ( 4)  0.057
 100 F   0.28153 0.60663 0.03791 0.07393 ( 2)  0.012
 101 D   0.30182 0.65031 0.01622 0.03164 ( 2)  0.007
 102 V   0.29324 0.63185 0.02539 0.04952 ( 2)  0.009
 103 E   0.30220 0.65112 0.01583 0.03086 ( 2)  0.007
 104 L   0.27300 0.58824 0.04704 0.09172 ( 2)  0.015
 105 L   0.00222 0.00480 0.33660 0.65638 ( 4)  0.086
 106 K   0.00482 0.01041 0.33381 0.65095 ( 4)  0.085
 107 L   0.04999 0.10787 0.28547 0.55667 ( 4)  0.073
 108 E   0.30158 0.64979 0.01649 0.03215 ( 2)  0.007

Positively selected sites

	Prob(w>1)  mean w



lnL = -1739.997464

