

TREE # 1

  0  0.0000   2265.302306  x:  0.02563   0.01878   0.05933   0.08120   0.04986   0.10822   0.10946   0.08292   0.01484   0.01708   0.01933   0.04789   0.06654   0.07308   0.09138   0.06340   0.10049   0.10785   0.04263   0.06544   0.07808   0.01245   0.05423   0.02826   0.06045   4.00000   0.41318   0.77709   0.92325   0.20000   0.43850   0.54006   0.68366  
  1 99.0000   1936.599125  x:  0.15656   0.33928   0.06477   0.04668   0.02721   0.07890   0.19833   0.22748   1.15070   0.72478   0.07013   0.01233   0.04064   0.08971   0.20052   0.22962   0.12225   0.13092   0.38983   0.30145   0.15173   0.56447   0.36313   0.05212   0.04925   3.99433   0.42486   0.77759   0.91700   0.14654   0.37767   0.47576   0.66106  
  2 2621.0670   1868.317498  x:  0.14756   0.33065   0.06703   0.03931   0.02099   0.07590   0.20990   0.24251   1.16491   0.72911   0.06569   0.04058   0.04490   0.08952   0.19686   0.23569   0.11328   0.13233   0.39849   0.31664   0.16287   0.56325   0.37628   0.04385   0.05487   3.99175   0.43840   0.77454   0.91030   0.00000   0.33996   0.45182   0.65738  
  3 418.6117   1792.328125  x:  0.08697   0.26084   0.10350   0.00814   0.00505   0.07622   0.31979   0.37873   1.25969   0.75577   0.04728   0.14216   0.06972   0.10636   0.17964   0.29904   0.05316   0.15916   0.47435   0.45181   0.26867   0.54713   0.49408   0.00000   0.10890   3.96693   0.57314   0.74492   0.84489   0.00000   0.01171   0.21511   0.60738  
  4 1834.6562   1791.225253  x:  0.08596   0.25833   0.10316   0.01109   0.01039   0.07673   0.32195   0.38183   1.26274   0.75642   0.04608   0.14678   0.06914   0.10602   0.17869   0.30036   0.05062   0.15908   0.47597   0.45497   0.27066   0.54627   0.49706   0.00023   0.10860   3.96616   0.57572   0.74485   0.84352   0.00000   0.00399   0.20736   0.60636  
  5 484.0829   1789.107208  x:  0.08434   0.25411   0.10264   0.01467   0.01517   0.07766   0.32538   0.38668   1.26665   0.75690   0.04429   0.15295   0.06809   0.10559   0.17721   0.30244   0.04667   0.15902   0.47830   0.45986   0.27382   0.54450   0.50161   0.00062   0.10810   3.96491   0.57989   0.74466   0.84141   0.00741   0.00000   0.19423   0.60463  
  6 541.3085   1782.242383  x:  0.08335   0.23322   0.09236   0.02250   0.01142   0.08504   0.33510   0.40325   1.28186   0.75702   0.03648   0.17060   0.05493   0.10217   0.17027   0.30991   0.02739   0.15572   0.48500   0.47687   0.28227   0.53403   0.51916   0.00924   0.09549   3.95884   0.59272   0.74696   0.83512   0.00000   0.00211   0.13128   0.59747  
  7 280.9300   1782.242383  x:  0.08335   0.23322   0.09236   0.02250   0.01142   0.08504   0.33510   0.40325   1.28186   0.75702   0.03648   0.17060   0.05493   0.10217   0.17027   0.30991   0.02739   0.15572   0.48500   0.47687   0.28227   0.53403   0.51916   0.00924   0.09549   3.95884   0.59272   0.74696   0.83512   0.00000   0.00211   0.13128   0.59747  
  8 164.0913   1781.532091  x:  0.08464   0.23198   0.09132   0.02385   0.01510   0.08579   0.33521   0.40385   1.28237   0.75681   0.03689   0.16606   0.05291   0.10250   0.17026   0.31057   0.02638   0.15551   0.48510   0.47753   0.28232   0.53310   0.52021   0.00987   0.09359   3.95827   0.59304   0.74734   0.83529   0.00462   0.00692   0.12682   0.59631  
  9 150.5251   1775.421859  x:  0.09898   0.21755   0.07933   0.03832   0.04972   0.09413   0.33661   0.41105   1.28835   0.75430   0.04181   0.11285   0.02991   0.10641   0.17042   0.31839   0.01461   0.15321   0.48647   0.48527   0.28296   0.52235   0.53259   0.01681   0.07155   3.95157   0.59738   0.75240   0.83616   0.00115   0.00000   0.08000   0.58245  
 10 247.2909   1770.349619  x:  0.10337   0.20021   0.06674   0.03574   0.04240   0.09552   0.33807   0.41979   1.29637   0.75145   0.04488   0.04910   0.02249   0.10834   0.17131   0.32795   0.00000   0.15053   0.48800   0.49448   0.28339   0.50925   0.54780   0.01365   0.05090   3.94324   0.60120   0.75673   0.84017   0.00110   0.00074   0.08142   0.56003  
 11 141.1611   1768.674813  x:  0.10465   0.18911   0.06466   0.03739   0.04022   0.09695   0.33866   0.42585   1.30238   0.74897   0.04458   0.01689   0.04272   0.10756   0.17163   0.33459   0.00000   0.14836   0.48874   0.50086   0.28354   0.49936   0.55874   0.01286   0.05083   3.93689   0.60431   0.76033   0.84312   0.00117   0.00042   0.07397   0.54063  
 12 163.4398   1766.582776  x:  0.10639   0.17094   0.06340   0.03989   0.04073   0.09904   0.33929   0.43657   1.31365   0.74419   0.04380   0.01638   0.04162   0.10558   0.17220   0.34620   0.00000   0.14417   0.48973   0.51205   0.28340   0.48081   0.57855   0.01105   0.05343   3.92505   0.60995   0.76684   0.84872   0.00151   0.00000   0.07327   0.50141  
 13 60.3960   1766.582776  x:  0.10639   0.17094   0.06340   0.03989   0.04073   0.09904   0.33929   0.43657   1.31365   0.74419   0.04380   0.01638   0.04162   0.10558   0.17220   0.34620   0.00000   0.14417   0.48973   0.51205   0.28340   0.48081   0.57855   0.01105   0.05343   3.92505   0.60995   0.76684   0.84872   0.00151   0.00000   0.07327   0.50141  
 14 749.8592   1766.313357  x:  0.10568   0.17060   0.06362   0.03872   0.03868   0.09857   0.33922   0.43694   1.31416   0.74396   0.04361   0.01862   0.04184   0.10533   0.17221   0.34659   0.00000   0.14398   0.48971   0.51241   0.28334   0.48000   0.57930   0.01027   0.05381   3.92453   0.61009   0.76700   0.84912   0.00416   0.00312   0.07568   0.49918  
 15 89.3524   1765.114013  x:  0.10021   0.16802   0.06545   0.03003   0.02296   0.09513   0.33867   0.43992   1.31825   0.74211   0.04214   0.03335   0.04305   0.10346   0.17236   0.34969   0.00000   0.14248   0.48953   0.51532   0.28287   0.47361   0.58523   0.00449   0.05681   3.92036   0.61149   0.76864   0.85169   0.00195   0.00000   0.09057   0.48171  
 16 124.5739   1763.735093  x:  0.09368   0.16373   0.06901   0.02568   0.01004   0.09288   0.33736   0.44577   1.32630   0.73814   0.03983   0.02775   0.03817   0.10057   0.17209   0.35563   0.00000   0.13937   0.48903   0.52101   0.28213   0.46067   0.59680   0.00000   0.06177   3.91185   0.61496   0.77267   0.85595   0.00178   0.00093   0.08432   0.44788  
 17 64.4972   1763.735093  x:  0.09368   0.16373   0.06901   0.02568   0.01004   0.09288   0.33736   0.44577   1.32630   0.73814   0.03983   0.02775   0.03817   0.10057   0.17209   0.35563   0.00000   0.13937   0.48903   0.52101   0.28213   0.46067   0.59680   0.00000   0.06177   3.91185   0.61496   0.77267   0.85595   0.00178   0.00093   0.08432   0.44788  
 18 300.7717   1762.979334  x:  0.09499   0.16307   0.06846   0.03061   0.03391   0.09480   0.33679   0.44740   1.32877   0.73681   0.04006   0.02461   0.03917   0.10049   0.17184   0.35718   0.00000   0.13838   0.48869   0.52249   0.28183   0.45665   0.60006   0.00244   0.06122   3.90922   0.61603   0.77393   0.85711   0.00209   0.00146   0.07882   0.43632  
 19 76.8463   1762.748814  x:  0.09494   0.16256   0.06807   0.03106   0.03399   0.09512   0.33647   0.44821   1.33005   0.73614   0.04014   0.02403   0.03953   0.10041   0.17174   0.35796   0.00000   0.13788   0.48851   0.52323   0.28167   0.45461   0.60171   0.00272   0.06051   3.90786   0.61654   0.77453   0.85770   0.00085   0.00000   0.07763   0.43028  
 20 52.8204   1755.792526  x:  0.09138   0.13896   0.05008   0.04749   0.02387   0.10831   0.32160   0.48512   1.38838   0.70526   0.04336   0.00000   0.05498   0.09631   0.16686   0.39350   0.00000   0.11519   0.48025   0.55664   0.27408   0.36127   0.67707   0.01296   0.02840   3.84607   0.63906   0.80089   0.88600   0.00086   0.00152   0.02936   0.15344  
 21 557.0541   1755.439283  x:  0.09113   0.13761   0.04916   0.04821   0.02383   0.10892   0.32065   0.48740   1.39201   0.70336   0.04369   0.00262   0.05604   0.09613   0.16658   0.39569   0.00000   0.11382   0.47974   0.55869   0.27363   0.35553   0.68173   0.01334   0.02733   3.84223   0.64042   0.80248   0.88771   0.00078   0.00150   0.02763   0.13659  
 22 790.1283   1755.028658  x:  0.09058   0.13642   0.04916   0.04719   0.02505   0.10852   0.31914   0.49068   1.39744   0.70073   0.04367   0.00110   0.05526   0.09548   0.16633   0.39886   0.00000   0.11211   0.47909   0.56160   0.27317   0.34759   0.68845   0.01224   0.03174   3.83659   0.64213   0.80449   0.88985   0.00034   0.00114   0.03481   0.11712  
 23 138.7553   1754.897004  x:  0.09042   0.13631   0.04980   0.04625   0.02542   0.10797   0.31844   0.49227   1.40005   0.69968   0.04371   0.00115   0.05453   0.09527   0.16632   0.40037   0.00000   0.11159   0.47896   0.56300   0.27322   0.34438   0.69157   0.01117   0.03073   3.83392   0.64280   0.80526   0.89097   0.00000   0.00135   0.03519   0.11688  
 24 28.1005   1754.897004  x:  0.09042   0.13631   0.04980   0.04625   0.02542   0.10797   0.31844   0.49227   1.40005   0.69968   0.04371   0.00115   0.05453   0.09527   0.16632   0.40037   0.00000   0.11159   0.47896   0.56300   0.27322   0.34438   0.69157   0.01117   0.03073   3.83392   0.64280   0.80526   0.89097   0.00000   0.00135   0.03519   0.11688  
 25 218.6822   1752.547092  x:  0.08994   0.13718   0.05143   0.04284   0.02467   0.10600   0.31802   0.49259   1.40090   0.69957   0.04454   0.02965   0.05465   0.09566   0.16651   0.40069   0.00000   0.11177   0.47897   0.56320   0.27344   0.34404   0.69227   0.00850   0.03731   3.83315   0.64262   0.80505   0.89096   0.00114   0.00310   0.04528   0.12104  
 26 280.2000   1752.292891  x:  0.08987   0.13732   0.05171   0.04229   0.02452   0.10567   0.31794   0.49265   1.40106   0.69954   0.04447   0.03011   0.05416   0.09559   0.16653   0.40074   0.00000   0.11181   0.47898   0.56324   0.27348   0.34397   0.69240   0.00806   0.03814   3.83300   0.64261   0.80504   0.89094   0.00000   0.00191   0.04626   0.12161  
 27 140.6134   1750.846384  x:  0.08868   0.13988   0.05640   0.03256   0.02176   0.09985   0.31645   0.49369   1.40390   0.69893   0.04288   0.03006   0.04429   0.09401   0.16682   0.40170   0.00000   0.11239   0.47901   0.56391   0.27424   0.34277   0.69467   0.00000   0.05098   3.83030   0.64226   0.80463   0.89095   0.00000   0.00082   0.06721   0.12983  
 28 235.6388   1750.557932  x:  0.08936   0.14434   0.06309   0.02689   0.01975   0.09445   0.31177   0.49630   1.41163   0.69641   0.04084   0.03007   0.03285   0.09200   0.16622   0.40362   0.00000   0.11335   0.47862   0.56540   0.27635   0.33905   0.70054   0.00000   0.04980   3.82228   0.64286   0.80546   0.89028   0.00000   0.00064   0.06512   0.12021  
 29 21.0377   1750.401770  x:  0.08962   0.14612   0.06412   0.02773   0.02057   0.09283   0.30917   0.49784   1.41607   0.69503   0.04037   0.02883   0.03367   0.09150   0.16595   0.40474   0.00000   0.11388   0.47844   0.56627   0.27752   0.33706   0.70388   0.00000   0.04968   3.81770   0.64314   0.80585   0.88994   0.00000   0.00000   0.06686   0.11679  
 30 30.3966   1749.914269  x:  0.08934   0.15257   0.05705   0.02216   0.01228   0.09228   0.28837   0.51038   1.45185   0.68412   0.04197   0.02001   0.04116   0.09229   0.16379   0.41349   0.00000   0.11756   0.47716   0.57310   0.28632   0.32235   0.73024   0.00000   0.05281   3.78058   0.64552   0.80943   0.88689   0.00000   0.00000   0.07343   0.09742  
 31 77.1501   1749.443905  x:  0.08847   0.15180   0.04709   0.02121   0.02008   0.10176   0.26494   0.52500   1.49289   0.67192   0.04669   0.01392   0.03593   0.09569   0.16142   0.42303   0.00000   0.12088   0.47593   0.58063   0.29542   0.30760   0.75967   0.00000   0.05566   3.73770   0.64850   0.81401   0.88307   0.00000   0.00000   0.08025   0.08258  
 32 100.7043   1748.830708  x:  0.08608   0.14481   0.04924   0.03221   0.01422   0.11541   0.23155   0.54651   1.55253   0.65449   0.05066   0.01045   0.02936   0.09805   0.15807   0.43620   0.00000   0.12473   0.47439   0.59109   0.30738   0.28884   0.80145   0.00000   0.05415   3.67507   0.65307   0.82105   0.87725   0.00000   0.00000   0.09391   0.06347  
 33 137.4824   1747.636381  x:  0.08330   0.13123   0.05761   0.02740   0.01729   0.13090   0.17750   0.58217   1.65071   0.62601   0.05124   0.01141   0.03256   0.09665   0.15258   0.45679   0.00000   0.12977   0.47203   0.60745   0.32517   0.26166   0.86873   0.00000   0.05324   3.57150   0.66083   0.83302   0.86721   0.00000   0.00000   0.11313   0.02759  
 34 222.8442   1746.550400  x:  0.08188   0.12047   0.05313   0.03424   0.01582   0.12872   0.12312   0.62127   1.75619   0.59619   0.04818   0.02236   0.02944   0.09066   0.14720   0.47562   0.00000   0.13153   0.46974   0.62175   0.33798   0.24481   0.93636   0.00000   0.07532   3.45926   0.66792   0.84447   0.85657   0.00000   0.00000   0.09681   0.03428  
 35 97.6888   1745.604642  x:  0.08877   0.12815   0.04338   0.03153   0.01542   0.11251   0.08030   0.65876   1.85316   0.57100   0.05421   0.02926   0.02651   0.09195   0.14308   0.48958   0.00000   0.13014   0.46847   0.63141   0.34335   0.24453   0.99323   0.00000   0.05118   3.35543   0.67268   0.85327   0.84941   0.00000   0.00000   0.09742   0.05206  
 36 92.9624   1745.066700  x:  0.08690   0.13233   0.05999   0.02303   0.01759   0.11823   0.06570   0.68482   1.91418   0.55867   0.06745   0.02916   0.03181   0.10058   0.14112   0.49209   0.00000   0.12375   0.46892   0.63155   0.33562   0.26702   1.01970   0.00000   0.04577   3.28846   0.67495   0.85884   0.84513   0.00000   0.00000   0.08611   0.07541  
 37 56.6640   1743.899239  x:  0.08209   0.13882   0.05680   0.02262   0.01725   0.13128   0.05669   0.75065   2.06207   0.53714   0.04861   0.02803   0.03186   0.07754   0.13682   0.48461   0.00000   0.10034   0.47195   0.62089   0.29607   0.34816   1.06480   0.00000   0.04460   3.12283   0.68310   0.87733   0.83302   0.00000   0.00000   0.08463   0.07663  
 38 48.6309   1743.331723  x:  0.08978   0.13394   0.05164   0.02827   0.01582   0.11676   0.05598   0.78359   2.14465   0.52869   0.05954   0.02717   0.02918   0.09105   0.13436   0.47438   0.00000   0.08866   0.47338   0.61096   0.26872   0.38675   1.08119   0.00000   0.05481   3.02893   0.68833   0.88929   0.82587   0.00000   0.00000   0.08882   0.05721  
 39 65.0674   1743.090455  x:  0.07625   0.12114   0.05119   0.02746   0.01702   0.10712   0.05902   0.78708   2.18354   0.53250   0.05486   0.02588   0.02987   0.09619   0.13367   0.45728   0.00000   0.09407   0.47346   0.59898   0.25445   0.38247   1.06988   0.00000   0.05194   2.98258   0.68899   0.89448   0.82441   0.00000   0.00000   0.08748   0.05934  
 40 16.1862   1742.443598  x:  0.09481   0.11402   0.05490   0.02438   0.01691   0.10950   0.06810   0.78506   2.29791   0.55088   0.03641   0.02465   0.03181   0.10645   0.13202   0.39698   0.00000   0.11476   0.47251   0.55843   0.22021   0.35266   1.01839   0.00000   0.05025   2.84343   0.68960   0.91001   0.82177   0.00000   0.00000   0.08467   0.06894  
 41 42.1901   1741.928090  x:  0.08249   0.14001   0.05362   0.02631   0.01669   0.11631   0.07170   0.77745   2.39694   0.56934   0.03575   0.02702   0.03053   0.11298   0.13109   0.34562   0.00000   0.12528   0.47024   0.52528   0.21238   0.33042   0.96698   0.00000   0.05152   2.72110   0.69028   0.92456   0.81959   0.00000   0.00000   0.08683   0.06478  
 42 63.2083   1741.170451  x:  0.08602   0.13182   0.05448   0.02558   0.01708   0.10956   0.06852   0.74692   2.54148   0.60643   0.05344   0.02493   0.03177   0.09114   0.13192   0.27679   0.00000   0.11520   0.46285   0.48669   0.26514   0.32510   0.86508   0.00000   0.05228   2.53719   0.68916   0.94659   0.81837   0.00000   0.00000   0.08600   0.06648  
 43 36.2615   1740.811313  x:  0.08552   0.13299   0.05515   0.02542   0.01739   0.10761   0.04481   0.69858   2.61334   0.63205   0.04820   0.02377   0.03252   0.09365   0.12296   0.29913   0.00000   0.09274   0.46086   0.53398   0.24816   0.32478   0.78438   0.00000   0.05287   2.44266   0.68470   0.96079   0.82120   0.00000   0.00000   0.08561   0.06652  
 44  8.8355   1740.810277  x:  0.08552   0.13299   0.05515   0.02542   0.01738   0.10761   0.04487   0.69862   2.61333   0.63204   0.04819   0.02377   0.03252   0.09366   0.12293   0.29917   0.00000   0.09283   0.46087   0.53398   0.24820   0.32480   0.78439   0.00000   0.05288   2.44268   0.68470   0.96079   0.82120   0.00000   0.00021   0.08561   0.06652  
 45  8.6218   1740.722948  x:  0.08576   0.13374   0.05498   0.02562   0.01736   0.10680   0.05400   0.69355   2.63269   0.63562   0.04407   0.02409   0.03240   0.09835   0.11188   0.31824   0.00000   0.11225   0.46475   0.54992   0.25520   0.33048   0.76034   0.00000   0.05335   2.41860   0.68264   0.96689   0.82195   0.00000   0.00024   0.08510   0.06632  
 46  9.1047   1740.663384  x:  0.08586   0.13433   0.05550   0.02526   0.01753   0.10595   0.07385   0.69908   2.64719   0.63268   0.04345   0.02428   0.03267   0.09855   0.09248   0.34263   0.00000   0.10440   0.45757   0.55037   0.25952   0.31997   0.74622   0.00000   0.05285   2.40744   0.67987   0.97516   0.82226   0.00000   0.00024   0.08463   0.06797  
 47  3.3086   1740.603162  x:  0.08609   0.13484   0.05564   0.02550   0.01772   0.10399   0.06332   0.68902   2.66409   0.62644   0.04813   0.02390   0.03307   0.09245   0.06443   0.36308   0.00000   0.10863   0.45860   0.52947   0.25580   0.32195   0.74713   0.00000   0.05338   2.41286   0.67364   0.99370   0.82203   0.00000   0.00028   0.08512   0.06750  
 48  1.4611   1740.550748  x:  0.08610   0.13608   0.05585   0.02556   0.01792   0.10213   0.05680   0.68677   2.68006   0.62821   0.03583   0.02379   0.03349   0.10427   0.05500   0.36824   0.00000   0.10387   0.46001   0.52388   0.26372   0.32489   0.75677   0.00000   0.05360   2.42460   0.66660   1.01485   0.82129   0.00000   0.00037   0.08480   0.06800  
 49  2.2266   1740.204632  x:  0.08824   0.14272   0.05814   0.02554   0.01926   0.08693   0.04775   0.71143   2.79059   0.67395   0.04199   0.02310   0.03662   0.09096   0.06214   0.38278   0.00000   0.10289   0.47770   0.55211   0.27344   0.31039   0.83936   0.00000   0.05493   2.51855   0.61556   1.17066   0.81389   0.00000   0.00133   0.07941   0.07126  
 50  4.6229   1740.172898  x:  0.08834   0.14328   0.05828   0.02574   0.01939   0.08587   0.04096   0.71821   2.80123   0.65488   0.04301   0.02289   0.03692   0.08921   0.06230   0.37278   0.00000   0.10893   0.45221   0.56344   0.27291   0.31286   0.83820   0.00000   0.05522   2.52817   0.60990   1.18734   0.81269   0.00000   0.00141   0.07974   0.07118  
 51  1.5451   1740.171864  x:  0.08834   0.14330   0.05829   0.02575   0.01940   0.08584   0.04062   0.71867   2.80164   0.65329   0.04303   0.02288   0.03694   0.08916   0.06292   0.37259   0.00000   0.10895   0.45216   0.56367   0.27292   0.31280   0.83774   0.00110   0.05523   2.52841   0.60964   1.18815   0.81259   0.00000   0.00142   0.07975   0.07120  
 52  1.2196   1740.146231  x:  0.08833   0.14376   0.05856   0.02592   0.01953   0.08550   0.03267   0.73047   2.80963   0.60893   0.04296   0.02269   0.03728   0.08849   0.08420   0.37117   0.00000   0.10655   0.46389   0.56526   0.27342   0.30971   0.82289   0.00070   0.05529   2.53114   0.60388   1.20703   0.80955   0.00000   0.00158   0.07986   0.07169  
 53  2.9364   1740.136319  x:  0.08830   0.14400   0.05867   0.02602   0.01957   0.08578   0.03095   0.73050   2.81140   0.59807   0.04184   0.02275   0.03739   0.08944   0.10365   0.38001   0.00000   0.10842   0.45834   0.55849   0.27329   0.31016   0.82126   0.00072   0.05522   2.52686   0.60176   1.21740   0.80684   0.00000   0.00171   0.07969   0.07204  
 54  0.9053   1740.105081  x:  0.08819   0.14522   0.05978   0.02596   0.01989   0.08722   0.04349   0.70947   2.80404   0.57516   0.04299   0.02310   0.03822   0.08776   0.11114   0.37627   0.00000   0.10721   0.45872   0.56325   0.27372   0.30988   0.84711   0.00040   0.05411   2.48559   0.59862   1.27020   0.78715   0.00000   0.00231   0.07928   0.07768  
 55  0.4105   1740.078309  x:  0.08808   0.14609   0.06055   0.02595   0.02011   0.08814   0.03021   0.72833   2.80397   0.58485   0.04249   0.02314   0.03878   0.08778   0.10584   0.37652   0.00000   0.10742   0.45886   0.56283   0.27364   0.30934   0.84616   0.00000   0.05357   2.46952   0.59855   1.30797   0.77217   0.00000   0.00273   0.07899   0.08161  
 56  0.6637   1740.078309  x:  0.08808   0.14609   0.06055   0.02595   0.02011   0.08814   0.03021   0.72833   2.80397   0.58485   0.04249   0.02314   0.03878   0.08778   0.10584   0.37652   0.00000   0.10742   0.45886   0.56283   0.27364   0.30934   0.84616   0.00000   0.05357   2.46952   0.59855   1.30797   0.77217   0.00000   0.00273   0.07899   0.08161  
 57  0.4100   1740.074337  x:  0.08806   0.14607   0.06064   0.02627   0.02024   0.08825   0.03022   0.72834   2.80398   0.58486   0.04252   0.02309   0.03868   0.08782   0.10584   0.37652   0.00000   0.10742   0.45887   0.56283   0.27364   0.30934   0.84615   0.00000   0.05369   2.46953   0.59856   1.30797   0.77216   0.00000   0.00242   0.07923   0.08172  
 58 13.4898   1740.052421  x:  0.08785   0.14587   0.06137   0.02885   0.02131   0.08923   0.03026   0.72842   2.80407   0.58497   0.04279   0.02270   0.03788   0.08808   0.10587   0.37651   0.00000   0.10742   0.45889   0.56282   0.27364   0.30934   0.84611   0.00000   0.05469   2.46958   0.59857   1.30801   0.77213   0.00113   0.00214   0.08108   0.08258  
 59 38.0667   1740.049638  x:  0.08751   0.14550   0.06156   0.02830   0.02095   0.09036   0.03027   0.72855   2.80419   0.58512   0.04308   0.02314   0.03774   0.08837   0.10586   0.37647   0.00000   0.10741   0.45893   0.56279   0.27361   0.30934   0.84599   0.00000   0.05536   2.46969   0.59865   1.30817   0.77196   0.00181   0.00179   0.08151   0.08277  
 60  3.1071   1740.049030  x:  0.08735   0.14520   0.06163   0.02829   0.02107   0.09095   0.03027   0.72870   2.80433   0.58529   0.04314   0.02280   0.03773   0.08847   0.10583   0.37640   0.00000   0.10739   0.45896   0.56274   0.27357   0.30933   0.84584   0.00000   0.05540   2.46985   0.59877   1.30840   0.77173   0.00190   0.00173   0.08118   0.08260  
 61  1.4840   1740.048534  x:  0.08720   0.14476   0.06162   0.02848   0.02112   0.09135   0.03027   0.72901   2.80466   0.58567   0.04307   0.02305   0.03798   0.08850   0.10578   0.37627   0.00000   0.10736   0.45903   0.56264   0.27351   0.30931   0.84551   0.00000   0.05511   2.47018   0.59901   1.30888   0.77123   0.00171   0.00184   0.08117   0.08257  
 62  1.1564   1740.047509  x:  0.08706   0.14397   0.06144   0.02830   0.02103   0.09149   0.03025   0.72992   2.80561   0.58678   0.04283   0.02278   0.03778   0.08850   0.10564   0.37590   0.00000   0.10729   0.45924   0.56236   0.27334   0.30928   0.84457   0.00000   0.05474   2.47112   0.59970   1.31025   0.76982   0.00142   0.00203   0.08168   0.08273  
 63  2.1234   1740.042658  x:  0.08723   0.14192   0.06128   0.02826   0.02153   0.09036   0.02993   0.73462   2.81070   0.59263   0.04214   0.02324   0.03724   0.08888   0.10483   0.37395   0.00000   0.10694   0.46029   0.56089   0.27254   0.30913   0.83958   0.00000   0.05555   2.47619   0.60345   1.31772   0.76214   0.00174   0.00198   0.08192   0.08243  
 64  4.9930   1740.038736  x:  0.08748   0.14198   0.06164   0.02865   0.02052   0.08993   0.02941   0.73834   2.81499   0.59743   0.04209   0.02277   0.03804   0.08939   0.10410   0.37242   0.00000   0.10674   0.46113   0.55977   0.27204   0.30906   0.83550   0.00000   0.05571   2.48039   0.60660   1.32400   0.75570   0.00216   0.00186   0.08243   0.08232  
 65 12.1870   1740.033448  x:  0.08788   0.14408   0.06182   0.02806   0.02139   0.09046   0.02826   0.74315   2.82107   0.60398   0.04234   0.02266   0.03853   0.08995   0.10296   0.37047   0.00000   0.10663   0.46219   0.55839   0.27164   0.30905   0.82999   0.00000   0.05520   2.48619   0.61102   1.33282   0.74664   0.00225   0.00199   0.08353   0.08237  
 66 14.2340   1740.031027  x:  0.08764   0.14536   0.06166   0.02832   0.02098   0.09098   0.02736   0.74506   2.82397   0.60685   0.04224   0.02299   0.03758   0.08973   0.10232   0.36972   0.00000   0.10669   0.46257   0.55792   0.27168   0.30910   0.82761   0.00000   0.05499   2.48885   0.61312   1.33699   0.74235   0.00201   0.00219   0.08359   0.08223  
 67 11.0089   1740.029463  x:  0.08690   0.14570   0.06122   0.02834   0.02105   0.09110   0.02582   0.74552   2.82620   0.60839   0.04190   0.02288   0.03795   0.08874   0.10158   0.36966   0.00000   0.10699   0.46252   0.55807   0.27228   0.30925   0.82649   0.00000   0.05551   2.49056   0.61466   1.34008   0.73919   0.00198   0.00226   0.08385   0.08236  
 68  3.0095   1740.024562  x:  0.08639   0.14496   0.06179   0.02824   0.02116   0.09054   0.01946   0.74562   2.83395   0.61244   0.04371   0.02291   0.03780   0.08759   0.09858   0.37035   0.00000   0.10824   0.46173   0.55945   0.27493   0.30974   0.82398   0.00000   0.05485   2.49587   0.61988   1.35051   0.72851   0.00249   0.00216   0.08441   0.08295  
 69  4.8829   1740.022880  x:  0.08769   0.14466   0.06142   0.02830   0.02100   0.09090   0.01748   0.74556   2.83696   0.61347   0.04392   0.02288   0.03785   0.08765   0.09732   0.37084   0.00000   0.10842   0.46118   0.56018   0.27555   0.30963   0.82359   0.00000   0.05538   2.49764   0.62184   1.35441   0.72451   0.00202   0.00249   0.08459   0.08329  
 70  4.6571   1740.019879  x:  0.08830   0.14472   0.06164   0.02826   0.02100   0.09113   0.01582   0.74563   2.84323   0.61395   0.04183   0.02295   0.03779   0.08852   0.09454   0.37245   0.00000   0.10775   0.45947   0.56208   0.27509   0.30845   0.82470   0.00000   0.05483   2.50033   0.62563   1.36201   0.71675   0.00284   0.00218   0.08473   0.08426  
 71  2.5745   1740.016511  x:  0.08715   0.14497   0.06151   0.02825   0.02104   0.09077   0.01481   0.74591   2.85071   0.61411   0.04117   0.02291   0.03782   0.09070   0.09141   0.37457   0.00000   0.10704   0.45757   0.56431   0.27422   0.30719   0.82655   0.00000   0.05519   2.50319   0.63007   1.37090   0.70767   0.00234   0.00260   0.08483   0.08541  
 72  8.2764   1740.009531  x:  0.08739   0.14489   0.06125   0.02827   0.02102   0.09081   0.01899   0.74821   2.86844   0.61278   0.04361   0.02288   0.03785   0.08779   0.08661   0.38045   0.00000   0.10870   0.45613   0.56809   0.27231   0.30825   0.83361   0.00000   0.05503   2.50759   0.63987   1.39057   0.68762   0.00277   0.00273   0.08510   0.08730  
 73  2.8489   1740.008553  x:  0.08741   0.14489   0.06218   0.02809   0.02101   0.09082   0.01948   0.74813   2.87146   0.61238   0.04314   0.02290   0.03783   0.08786   0.08685   0.38087   0.00000   0.10882   0.45661   0.56784   0.27289   0.30892   0.83514   0.00000   0.05526   2.50793   0.64132   1.39349   0.68465   0.00240   0.00299   0.08540   0.08700  
 74  1.7577   1740.005471  x:  0.08739   0.14489   0.06142   0.02822   0.02102   0.09080   0.02072   0.74735   2.88149   0.61093   0.04210   0.02290   0.03785   0.08945   0.08875   0.38163   0.00000   0.10889   0.45882   0.56614   0.27534   0.31120   0.84043   0.00000   0.05506   2.50868   0.64590   1.40277   0.67524   0.00285   0.00292   0.08652   0.08556  
 75  4.6779   1740.002093  x:  0.08738   0.14486   0.06145   0.02820   0.02102   0.09079   0.01986   0.74470   2.89431   0.60888   0.04315   0.02287   0.03787   0.08822   0.09441   0.38052   0.00000   0.10632   0.46139   0.56207   0.27422   0.30898   0.84671   0.00000   0.05505   2.50879   0.65090   1.41298   0.66492   0.00296   0.00304   0.08719   0.08539  
 76  1.6317   1740.001152  x:  0.08738   0.14487   0.06144   0.02820   0.02102   0.09079   0.01952   0.74427   2.89892   0.60745   0.04289   0.02288   0.03787   0.08853   0.09671   0.37878   0.00000   0.10846   0.46191   0.56145   0.27379   0.30814   0.84780   0.00000   0.05505   2.50834   0.65216   1.41564   0.66225   0.00300   0.00308   0.08652   0.08715  
 77  0.7763   1740.000095  x:  0.08738   0.14486   0.06144   0.02820   0.02102   0.09079   0.01944   0.74531   2.90654   0.60360   0.04324   0.02287   0.03787   0.08816   0.09990   0.37482   0.00000   0.10795   0.45902   0.56244   0.27469   0.30890   0.84682   0.00000   0.05505   2.50675   0.65321   1.41810   0.65988   0.00304   0.00310   0.08626   0.08802  
 78  0.4287   1739.999644  x:  0.08737   0.14484   0.06145   0.02820   0.02102   0.09079   0.01869   0.74590   2.91075   0.60142   0.04327   0.02288   0.03786   0.08813   0.10103   0.37384   0.00000   0.10862   0.45869   0.56343   0.27371   0.30897   0.84563   0.00000   0.05505   2.50559   0.65346   1.41886   0.65920   0.00304   0.00310   0.08704   0.08644  
 79  0.4511   1739.998981  x:  0.08736   0.14484   0.06145   0.02821   0.02102   0.09079   0.01700   0.74783   2.91934   0.59828   0.04307   0.02289   0.03785   0.08834   0.10216   0.37602   0.00000   0.10764   0.46080   0.56418   0.27330   0.30958   0.84227   0.00000   0.05506   2.50270   0.65317   1.41900   0.65931   0.00306   0.00310   0.08665   0.08712  
 80  0.2818   1739.998702  x:  0.08736   0.14484   0.06145   0.02822   0.02103   0.09079   0.01681   0.74889   2.92401   0.59793   0.04305   0.02289   0.03785   0.08836   0.10213   0.37754   0.00000   0.10805   0.46026   0.56320   0.27426   0.30832   0.84122   0.00000   0.05507   2.50126   0.65272   1.41858   0.65990   0.00305   0.00308   0.08672   0.08678  
 81  0.2594   1739.998396  x:  0.08735   0.14485   0.06146   0.02823   0.02103   0.09080   0.01612   0.74913   2.93052   0.59943   0.04292   0.02289   0.03784   0.08851   0.10104   0.37830   0.00000   0.10841   0.45899   0.56163   0.27339   0.30939   0.84138   0.00000   0.05509   2.49989   0.65172   1.41738   0.66141   0.00304   0.00305   0.08657   0.08676  
 82  0.2046   1739.997681  x:  0.08733   0.14487   0.06148   0.02825   0.02103   0.09082   0.01599   0.74924   2.94770   0.60480   0.04314   0.02289   0.03783   0.08832   0.09626   0.37629   0.00000   0.10801   0.46020   0.56275   0.27382   0.30898   0.84380   0.00000   0.05513   2.49754   0.64862   1.41356   0.66613   0.00300   0.00296   0.08625   0.08634  
 83  0.3048   1739.997601  x:  0.08733   0.14488   0.06149   0.02826   0.02103   0.09083   0.01612   0.74917   2.94987   0.60574   0.04308   0.02289   0.03783   0.08840   0.09715   0.37684   0.00000   0.10804   0.46002   0.56368   0.27386   0.30899   0.84424   0.00000   0.05513   2.49862   0.64809   1.41291   0.66694   0.00299   0.00295   0.08618   0.08625  
 84  0.0897   1739.997490  x:  0.08734   0.14490   0.06150   0.02827   0.02103   0.09084   0.01626   0.74916   2.95314   0.60477   0.04313   0.02289   0.03782   0.08835   0.09714   0.37716   0.00000   0.10809   0.46020   0.56349   0.27396   0.30900   0.84492   0.00000   0.05515   2.50286   0.64703   1.41173   0.66849   0.00298   0.00293   0.08612   0.08617  
 85  0.0740   1739.997484  x:  0.08733   0.14490   0.06150   0.02827   0.02103   0.09084   0.01592   0.74973   2.95312   0.60469   0.04314   0.02289   0.03782   0.08834   0.09721   0.37715   0.00000   0.10810   0.46020   0.56350   0.27397   0.30900   0.84534   0.00000   0.05515   2.50292   0.64691   1.41191   0.66849   0.00298   0.00293   0.08613   0.08617  
 86  0.0074   1739.997465  x:  0.08732   0.14490   0.06153   0.02828   0.02103   0.09084   0.01615   0.74940   2.95280   0.60442   0.04313   0.02289   0.03781   0.08836   0.09739   0.37718   0.00000   0.10811   0.46020   0.56346   0.27394   0.30901   0.84532   0.00000   0.05517   2.50268   0.64627   1.41375   0.66793   0.00298   0.00293   0.08624   0.08624  
 87  0.0040   1739.997464  x:  0.08733   0.14489   0.06153   0.02827   0.02103   0.09084   0.01612   0.74943   2.95296   0.60447   0.04313   0.02289   0.03781   0.08835   0.09737   0.37718   0.00000   0.10811   0.46020   0.56346   0.27394   0.30901   0.84531   0.00000   0.05517   2.50276   0.64629   1.41392   0.66779   0.00295   0.00294   0.08625   0.08625  
 88  0.0003   1739.997464  x:  0.08733   0.14489   0.06153   0.02827   0.02103   0.09084   0.01612   0.74943   2.95294   0.60447   0.04313   0.02289   0.03781   0.08835   0.09737   0.37717   0.00000   0.10811   0.46020   0.56346   0.27395   0.30901   0.84530   0.00000   0.05517   2.50275   0.64621   1.41394   0.66784   0.00294   0.00295   0.08625   0.08625  
 89  0.0001   1739.997464  x:  0.08733   0.14489   0.06153   0.02827   0.02103   0.09084   0.01612   0.74943   2.95294   0.60447   0.04313   0.02289   0.03781   0.08835   0.09737   0.37717   0.00000   0.10811   0.46020   0.56346   0.27394   0.30901   0.84530   0.00000   0.05517   2.50275   0.64621   1.41394   0.66785   0.00294   0.00295   0.08625   0.08625  
 90  0.0000   1739.997464  x:  0.08733   0.14489   0.06153   0.02827   0.02103   0.09084   0.01612   0.74943   2.95294   0.60447   0.04313   0.02289   0.03781   0.08835   0.09737   0.37717   0.00000   0.10811   0.46020   0.56346   0.27394   0.30901   0.84530   0.00000   0.05517   2.50275   0.64620   1.41394   0.66785   0.00294   0.00295   0.08625   0.08625  