

TREE # 1

  0  0.0000   9263.828278  x:  0.01549   0.02661   0.05927   0.03293   0.08321   0.08390   0.02622   0.01435   0.08553   0.03355   0.03651   0.05398   0.05890   0.07819   0.05795   0.03326   0.09289   0.08233   0.04792   0.02200   0.07181   0.40000  
  1 99.0000   7326.846446  x:  1.65022   0.88859   0.28234   0.35410   0.19815   0.31927   0.42010   0.61406   0.20083   1.04927   0.42697   0.17189   0.48560   0.24791   0.21883   0.04196   0.09233   0.40026   0.42615   0.20548   0.18277   0.33826  
  2 10666.2289   7214.863799  x:  1.64950   0.88150   0.28381   0.35937   0.20944   0.35859   0.40150   0.58802   0.20624   1.06197   0.42655   0.16757   0.51061   0.25961   0.21282   0.03505   0.08669   0.43736   0.44292   0.18916   0.18183   0.14749  
  3 722.8061   7087.206889  x:  1.41971   0.70610   0.46178   0.50673   0.46820   1.08124   0.13992   0.13308   0.42706   1.18836   0.49409   0.16955   0.94185   0.48319   0.15422   0.02444   0.05955   1.07036   0.78329   0.00000   0.25412   0.13725  
  4 298.8350   7075.587702  x:  1.36847   0.67290   0.48716   0.52019   0.48664   1.15829   0.16769   0.11635   0.44713   1.19956   0.50610   0.16809   0.98537   0.49694   0.14461   0.06608   0.10773   1.13416   0.82264   0.05442   0.29427   0.12688  
  5 329.9171   7063.005977  x:  1.29530   0.62855   0.52045   0.52910   0.49263   1.23313   0.24633   0.15117   0.46112   1.21342   0.52546   0.16485   1.02584   0.49807   0.13273   0.01719   0.09489   1.19218   0.86268   0.09395   0.32445   0.11854  
  6 251.0557   7059.717315  x:  1.25781   0.60773   0.54255   0.52911   0.48096   1.26187   0.28431   0.17922   0.45960   1.23118   0.54456   0.16593   1.04215   0.48647   0.13133   0.04790   0.07191   1.21089   0.88112   0.07539   0.31217   0.11492  
  7 131.8196   7056.829665  x:  1.21779   0.58804   0.57687   0.52259   0.44060   1.28454   0.30101   0.19176   0.44080   1.27670   0.58322   0.16856   1.05737   0.45351   0.13358   0.04184   0.11040   1.21965   0.90319   0.04799   0.28159   0.11315  
  8 82.4275   7049.645168  x:  1.11432   0.54183   0.67847   0.49256   0.27973   1.33194   0.27473   0.15908   0.35796   1.44226   0.70961   0.18430   1.09361   0.33881   0.14535   0.03817   0.08799   1.22385   0.96458   0.08971   0.25034   0.11014  
  9 105.5036   7048.470876  x:  1.08984   0.52914   0.67906   0.45984   0.21581   1.35253   0.25533   0.18090   0.31598   1.49619   0.70725   0.19371   1.09625   0.38652   0.12739   0.03917   0.08937   1.22942   0.96413   0.08407   0.26977   0.11305  
 10 24.6423   7048.291991  x:  1.08638   0.53153   0.67558   0.44652   0.20696   1.35944   0.27126   0.16488   0.31289   1.52020   0.69421   0.18252   1.08924   0.39125   0.12109   0.03976   0.08841   1.23006   0.95761   0.08099   0.27027   0.11469  
 11  9.7537   7048.153779  x:  1.07548   0.53310   0.67432   0.43171   0.20930   1.36957   0.27546   0.16169   0.32131   1.55282   0.67108   0.18519   1.07587   0.39165   0.14122   0.03944   0.08839   1.22999   0.94800   0.08145   0.27002   0.11504  
 12  8.6579   7048.069700  x:  1.06791   0.53441   0.67583   0.42572   0.21485   1.37696   0.26876   0.16886   0.32937   1.57690   0.65086   0.17840   1.06571   0.38375   0.13881   0.03972   0.08854   1.23035   0.94278   0.08341   0.26937   0.11566  
 13 10.4122   7048.042025  x:  1.06437   0.53423   0.68206   0.43293   0.21697   1.37598   0.26972   0.16746   0.33031   1.58623   0.63890   0.18710   1.06161   0.38459   0.13270   0.03956   0.08840   1.22797   0.94379   0.08427   0.26710   0.11534  
 14  2.8084   7048.020956  x:  1.06316   0.52947   0.68623   0.44337   0.21760   1.37246   0.27020   0.16699   0.32576   1.59139   0.62990   0.18096   1.06327   0.38590   0.13744   0.03952   0.08847   1.22668   0.94729   0.08151   0.27230   0.11525  
 15  1.1517   7047.955325  x:  1.06294   0.51902   0.67704   0.44295   0.22157   1.36903   0.27139   0.16788   0.32159   1.59663   0.61864   0.17660   1.08067   0.39067   0.13975   0.03872   0.08792   1.23300   0.95472   0.08949   0.25905   0.11587  
 16  0.7600   7047.690589  x:  1.05537   0.51218   0.66069   0.41634   0.23150   1.36354   0.27983   0.16636   0.33543   1.60414   0.60344   0.18438   1.12739   0.38786   0.13148   0.03563   0.08877   1.25597   0.97538   0.08276   0.28002   0.11440  
 17  2.6976   7047.419241  x:  1.04210   0.53613   0.66309   0.41944   0.22059   1.39407   0.28450   0.16818   0.34765   1.59025   0.60754   0.16987   1.11259   0.40923   0.13368   0.03215   0.08840   1.29402   0.98474   0.09117   0.27420   0.11141  
 18  3.2746   7047.266212  x:  1.05385   0.52896   0.64797   0.43056   0.21648   1.43689   0.28999   0.16951   0.32727   1.57765   0.60582   0.17903   1.09262   0.39612   0.13344   0.03053   0.08899   1.32502   0.97339   0.09159   0.27825   0.11198  
 19  4.8945   7047.235869  x:  1.06039   0.51636   0.65612   0.43059   0.22387   1.45066   0.29042   0.16911   0.32730   1.57773   0.61482   0.17801   1.09056   0.40122   0.13125   0.03014   0.08885   1.31538   0.96171   0.09262   0.27824   0.11151  
 20  1.6552   7047.202469  x:  1.06062   0.52461   0.66655   0.43256   0.22249   1.47325   0.29112   0.16977   0.32461   1.56828   0.61128   0.17750   1.10580   0.40000   0.13225   0.02972   0.08901   1.29776   0.95165   0.09419   0.27715   0.11133  
 21  1.0816   7047.063763  x:  1.04687   0.53337   0.65314   0.45973   0.22737   1.50291   0.29411   0.17048   0.34359   1.56352   0.64100   0.18070   1.10855   0.40450   0.12840   0.02843   0.08920   1.26955   0.97479   0.09356   0.28235   0.11129  
 22  0.5411   7046.890330  x:  1.05403   0.53003   0.70871   0.44814   0.23372   1.50530   0.29722   0.17141   0.34999   1.53708   0.65265   0.18332   1.10378   0.40640   0.12805   0.02719   0.08907   1.29584   0.99494   0.09748   0.28251   0.11163  
 23  1.6778   7046.865706  x:  1.05159   0.52934   0.71184   0.45783   0.22683   1.49957   0.29734   0.17172   0.35929   1.53921   0.65713   0.18394   1.11204   0.40635   0.12731   0.02714   0.08917   1.30861   0.97552   0.09794   0.28276   0.11163  
 24  0.9097   7046.762903  x:  1.03421   0.54851   0.71674   0.46082   0.25412   1.50295   0.29679   0.17148   0.33317   1.55238   0.67461   0.18417   1.12019   0.40987   0.12541   0.02786   0.08904   1.32344   0.96200   0.09817   0.28421   0.11118  
 25  0.2967   7044.301246  x:  1.05594   0.53161   0.82435   0.46937   0.20621   1.84500   0.28164   0.15213   0.36152   1.66057   0.75979   0.18792   1.20024   0.41309   0.12135   0.04315   0.09002   1.45869   1.07386   0.09775   0.28714   0.10022  
 26  1.0844   7037.266341  x:  1.44883   0.69244   0.87751   0.59646   0.40529   2.35708   0.29476   0.17886   0.45135   1.72832   0.80799   0.19372   1.51254   0.51503   0.11757   0.02732   0.09860   1.83628   1.24285   0.05982   0.29283   0.08348  
 27  0.1117   7034.312731  x:  1.55823   0.72495   0.99680   0.63515   0.39337   2.56660   0.29380   0.18025   0.47311   1.93233   0.93244   0.20880   1.60639   0.52149   0.11088   0.02629   0.08572   1.93061   1.35305   0.05658   0.31860   0.07079  
 28  0.2606   7030.776518  x:  1.68955   0.72900   1.08413   0.63215   0.31475   2.58839   0.29436   0.17966   0.46412   2.25188   1.00908   0.21635   1.62243   0.49584   0.11224   0.02888   0.06990   1.91694   1.44028   0.05968   0.34179   0.07419  
 29  0.4376   7027.742850  x:  1.98225   0.80936   1.22271   0.68856   0.27501   2.72623   0.33001   0.19366   0.51020   2.56191   1.13214   0.22777   1.73650   0.51100   0.10850   0.02681   0.10384   1.99308   1.59546   0.05575   0.34627   0.06437  
 30  0.2913   7026.173091  x:  2.30228   0.90853   1.25411   0.73363   0.33104   2.64616   0.36892   0.20186   0.54435   2.70326   1.13739   0.22479   1.82162   0.54889   0.10768   0.02809   0.08769   2.02704   1.67087   0.10095   0.31168   0.06192  
 31  0.1390   7026.088692  x:  2.36258   0.92336   1.25467   0.74492   0.34237   2.66283   0.36851   0.20289   0.55269   2.70767   1.14070   0.22769   1.84412   0.55038   0.10784   0.02957   0.09067   2.05010   1.68374   0.09845   0.31818   0.06039  
 32  0.0579   7026.051976  x:  2.38528   0.92462   1.23755   0.74485   0.34666   2.64507   0.36549   0.20250   0.55251   2.68607   1.12826   0.22877   1.84330   0.54673   0.10870   0.02969   0.09287   2.05015   1.67594   0.09610   0.32248   0.06110  
 33  0.0450   7026.039258  x:  2.40843   0.92564   1.23115   0.74551   0.34604   2.64893   0.36331   0.20186   0.55331   2.67539   1.12592   0.22996   1.84727   0.54469   0.10866   0.02873   0.09147   2.05519   1.67621   0.09542   0.32447   0.06094  
 34  0.0174   7026.036215  x:  2.41247   0.92202   1.23140   0.74323   0.33969   2.65397   0.36176   0.20133   0.55183   2.67103   1.12791   0.22970   1.84342   0.54344   0.10824   0.02921   0.09103   2.05240   1.67502   0.09443   0.32388   0.06104  
 35  0.0069   7026.035782  x:  2.41484   0.92128   1.23264   0.74275   0.33883   2.65508   0.36201   0.20135   0.55132   2.67062   1.12905   0.22940   1.84235   0.54401   0.10826   0.02897   0.09143   2.05148   1.67482   0.09442   0.32336   0.06104  
 36  0.0025   7026.035696  x:  2.41642   0.92106   1.23325   0.74265   0.33951   2.65459   0.36230   0.20143   0.55095   2.66955   1.12925   0.22927   1.84158   0.54457   0.10826   0.02902   0.09135   2.05095   1.67413   0.09459   0.32324   0.06103  
 37  0.0013   7026.035684  x:  2.41561   0.92054   1.23337   0.74242   0.33952   2.65445   0.36223   0.20144   0.55066   2.66885   1.12926   0.22934   1.84097   0.54442   0.10825   0.02901   0.09135   2.05059   1.67355   0.09452   0.32340   0.06105  
 38  0.0008   7026.035682  x:  2.41563   0.92047   1.23341   0.74240   0.33956   2.65419   0.36223   0.20144   0.55064   2.66895   1.12920   0.22936   1.84093   0.54433   0.10825   0.02902   0.09136   2.05055   1.67348   0.09456   0.32336   0.06105  
 39  0.0001   7026.035682  x:  2.41560   0.92042   1.23337   0.74238   0.33953   2.65408   0.36222   0.20144   0.55062   2.66892   1.12915   0.22935   1.84088   0.54431   0.10825   0.02901   0.09135   2.05050   1.67342   0.09457   0.32334   0.06105  
 40  0.0001   7026.035682  x:  2.41554   0.92040   1.23332   0.74238   0.33954   2.65404   0.36222   0.20144   0.55062   2.66890   1.12912   0.22934   1.84087   0.54432   0.10825   0.02902   0.09136   2.05048   1.67339   0.09457   0.32334   0.06105  
 41  0.0000   7026.035682  x:  2.41554   0.92040   1.23331   0.74238   0.33953   2.65403   0.36222   0.20144   0.55062   2.66890   1.12911   0.22934   1.84086   0.54432   0.10825   0.02902   0.09135   2.05047   1.67339   0.09457   0.32334   0.06105  