Supplemental results for CODEML (seqf: 2ppn.txt  treef: 2ppnTree.trees)


MLEs of dN/dS (w) for site classes (K=3)

p:   0.27092  0.40021  0.32886
w:   0.00294  0.00295  0.08625

Naive Empirical Bayes (NEB) probabilities for 3 classes & postmean_w
(amino acids refer to 1st sequence: Human)

   1 M   0.39236 0.57955 0.02808 ( 2)  0.005
   2 G   0.36610 0.54079 0.09311 ( 2)  0.011
   3 V   0.37613 0.55559 0.06829 ( 2)  0.009
   4 Q   0.00001 0.00001 0.99998 ( 3)  0.086
   5 V   0.00016 0.00024 0.99960 ( 3)  0.086
   6 E   0.38249 0.56499 0.05252 ( 2)  0.007
   7 T   0.36684 0.54188 0.09128 ( 2)  0.011
   8 I   0.37998 0.56128 0.05874 ( 2)  0.008
   9 S   0.06393 0.09453 0.84154 ( 3)  0.073
  10 P   0.07441 0.11001 0.81558 ( 3)  0.071
  11 G   0.36192 0.53462 0.10346 ( 2)  0.012
  12 D   0.38528 0.56910 0.04562 ( 2)  0.007
  13 G   0.10127 0.14972 0.74901 ( 3)  0.065
  14 R   0.36937 0.54562 0.08501 ( 2)  0.010
  15 T   0.36474 0.53878 0.09647 ( 2)  0.011
  16 F   0.35481 0.52412 0.12107 ( 2)  0.013
  17 P   0.35019 0.51729 0.13251 ( 2)  0.014
  18 K   0.38437 0.56776 0.04786 ( 2)  0.007
  19 R   0.11096 0.16405 0.72499 ( 3)  0.063
  20 G   0.37707 0.55699 0.06594 ( 2)  0.008
  21 Q   0.36452 0.53844 0.09704 ( 2)  0.011
  22 T   0.00457 0.00677 0.98866 ( 3)  0.085
  23 C   0.34286 0.50646 0.15068 ( 2)  0.015
  24 V   0.37020 0.54684 0.08296 ( 2)  0.010
  25 V   0.37514 0.55413 0.07074 ( 2)  0.009
  26 H   0.36450 0.53842 0.09707 ( 2)  0.011
  27 Y   0.36571 0.54020 0.09409 ( 2)  0.011
  28 T   0.09501 0.14048 0.76451 ( 3)  0.067
  29 G   0.37195 0.54942 0.07864 ( 2)  0.009
  30 M   0.39236 0.57955 0.02808 ( 2)  0.005
  31 L   0.34739 0.51316 0.13945 ( 2)  0.015
  32 E   0.10198 0.15079 0.74723 ( 3)  0.065
  33 D   0.12832 0.18972 0.68197 ( 3)  0.060
  34 G   0.37243 0.55013 0.07744 ( 2)  0.009
  35 K   0.16347 0.24168 0.59485 ( 3)  0.053
  36 K   0.38119 0.56306 0.05575 ( 2)  0.008
  37 F   0.35230 0.52041 0.12729 ( 2)  0.014
  38 D   0.38434 0.56771 0.04795 ( 2)  0.007
  39 S   0.34195 0.50511 0.15294 ( 2)  0.016
  40 S   0.34867 0.51505 0.13628 ( 2)  0.014
  41 R   0.34994 0.51692 0.13314 ( 2)  0.014
  42 D   0.38897 0.57455 0.03648 ( 2)  0.006
  43 R   0.36328 0.53662 0.10010 ( 2)  0.011
  44 N   0.38750 0.57238 0.04012 ( 2)  0.006
  45 K   0.38301 0.56575 0.05124 ( 2)  0.007
  46 P   0.34966 0.51651 0.13383 ( 2)  0.014
  47 F   0.36229 0.53516 0.10255 ( 2)  0.011
  48 K   0.38494 0.56859 0.04647 ( 2)  0.007
  49 F   0.36241 0.53534 0.10225 ( 2)  0.011
  50 M   0.00000 0.00000 1.00000 ( 3)  0.086
  51 L   0.00329 0.00487 0.99184 ( 3)  0.086
  52 G   0.37448 0.55316 0.07236 ( 2)  0.009
  53 K   0.03198 0.04729 0.92072 ( 3)  0.080
  54 Q   0.00310 0.00459 0.99231 ( 3)  0.086
  55 E   0.38218 0.56453 0.05329 ( 2)  0.007
  56 V   0.37678 0.55655 0.06666 ( 2)  0.008
  57 I   0.38189 0.56409 0.05402 ( 2)  0.007
  58 R   0.11142 0.16473 0.72385 ( 3)  0.063
  59 G   0.37611 0.55556 0.06833 ( 2)  0.009
  60 W   0.00282 0.00418 0.99300 ( 3)  0.086
  61 E   0.38254 0.56505 0.05241 ( 2)  0.007
  62 E   0.37966 0.56081 0.05953 ( 2)  0.008
  63 G   0.36668 0.54164 0.09168 ( 2)  0.011
  64 V   0.00435 0.00643 0.98922 ( 3)  0.085
  65 A   0.10237 0.15136 0.74627 ( 3)  0.065
  66 Q   0.36510 0.53931 0.09559 ( 2)  0.011
  67 M   0.39236 0.57955 0.02808 ( 2)  0.005
  68 S   0.37665 0.55636 0.06699 ( 2)  0.009
  69 V   0.00333 0.00494 0.99173 ( 3)  0.086
  70 G   0.37169 0.54904 0.07927 ( 2)  0.010
  71 Q   0.36518 0.53943 0.09539 ( 2)  0.011
  72 R   0.36909 0.54519 0.08572 ( 2)  0.010
  73 A   0.37409 0.55258 0.07333 ( 2)  0.009
  74 K   0.38356 0.56656 0.04989 ( 2)  0.007
  75 L   0.00395 0.00584 0.99022 ( 3)  0.085
  76 T   0.11330 0.16751 0.71919 ( 3)  0.063
  77 I   0.00374 0.00553 0.99073 ( 3)  0.085
  78 S   0.00385 0.00570 0.99045 ( 3)  0.085
  79 P   0.06657 0.09843 0.83500 ( 3)  0.073
  80 D   0.38093 0.56268 0.05638 ( 2)  0.008
  81 Y   0.00013 0.00020 0.99967 ( 3)  0.086
  82 A   0.37443 0.55309 0.07248 ( 2)  0.009
  83 Y   0.34677 0.51223 0.14100 ( 2)  0.015
  84 G   0.36254 0.53552 0.10195 ( 2)  0.011
  85 A   0.00020 0.00030 0.99949 ( 3)  0.086
  86 T   0.35865 0.52978 0.11157 ( 2)  0.012
  87 G   0.37571 0.55498 0.06931 ( 2)  0.009
  88 H   0.37556 0.55476 0.06968 ( 2)  0.009
  89 P   0.35316 0.52167 0.12517 ( 2)  0.013
  90 G   0.36870 0.54462 0.08669 ( 2)  0.010
  91 I   0.13664 0.20202 0.66134 ( 3)  0.058
  92 I   0.38191 0.56413 0.05396 ( 2)  0.007
  93 P   0.33928 0.50118 0.15954 ( 2)  0.016
  94 P   0.07855 0.11614 0.80530 ( 3)  0.070
  95 H   0.14330 0.21187 0.64484 ( 3)  0.057
  96 A   0.37759 0.55775 0.06466 ( 2)  0.008
  97 T   0.36506 0.53924 0.09570 ( 2)  0.011
  98 L   0.35879 0.52998 0.11123 ( 2)  0.012
  99 V   0.14078 0.20815 0.65107 ( 3)  0.057
 100 F   0.35854 0.52962 0.11184 ( 2)  0.012
 101 D   0.38437 0.56776 0.04786 ( 2)  0.007
 102 V   0.37345 0.55164 0.07491 ( 2)  0.009
 103 E   0.38485 0.56846 0.04669 ( 2)  0.007
 104 L   0.34767 0.51357 0.13876 ( 2)  0.015
 105 L   0.00283 0.00419 0.99298 ( 3)  0.086
 106 K   0.00614 0.00909 0.98477 ( 3)  0.085
 107 L   0.06369 0.09417 0.84214 ( 3)  0.073
 108 E   0.38406 0.56730 0.04864 ( 2)  0.007

Positively selected sites

	Prob(w>1)  mean w



lnL = -1739.997462

