

TREE # 1

  0  0.0000   2230.774750  x:  0.09828   0.10299   0.07505   0.08567   0.01993   0.05797   0.01848   0.08699   0.03629   0.10516   0.08108   0.10051   0.02780   0.06473   0.08438   0.01097   0.09969   0.07382   0.07073   0.04975   0.01001   0.07184   0.05625   0.03267   0.07062   4.00000   0.05327   0.14773   0.20000   0.48357   0.67660  
  1 99.0000   1860.907145  x:  0.07599   0.14813   0.04915   0.00317   0.02793   0.04649   1.15324   0.41279   1.15911   0.34346   0.04206   0.00000   0.05173   0.08522   0.34389   1.47651   0.17338   0.23370   0.54689   0.74713   1.28522   0.35694   0.77398   0.09996   0.03636   3.98714   0.09254   0.13957   0.00910   0.32673   0.56136  
  2 2042.0451   1854.302531  x:  0.07677   0.14911   0.05087   0.01496   0.02841   0.04679   1.15946   0.41471   1.16578   0.34513   0.04296   0.02380   0.05297   0.08634   0.34542   1.48471   0.17345   0.23444   0.54967   0.75111   1.29211   0.35837   0.77823   0.10000   0.03780   3.98696   0.09384   0.13910   0.00421   0.32336   0.56014  
  3 1256.6927   1853.206788  x:  0.07719   0.14944   0.05154   0.01692   0.02859   0.04694   1.16004   0.41493   1.16659   0.34542   0.04322   0.02579   0.05308   0.08672   0.34560   1.48553   0.17332   0.23444   0.54998   0.75153   1.29271   0.35844   0.77875   0.09987   0.03852   3.98690   0.09435   0.13891   0.00856   0.32191   0.55982  
  4 570.2408   1841.382297  x:  0.10463   0.16813   0.09064   0.07274   0.03856   0.05766   1.15806   0.41821   1.18032   0.35569   0.05713   0.00000   0.05288   0.10900   0.34804   1.48770   0.16266   0.22974   0.55405   0.75493   1.28713   0.35346   0.78702   0.08916   0.08416   3.98335   0.12715   0.12614   0.00517   0.24128   0.54433  
  5 200.9774   1813.525376  x:  0.15261   0.20231   0.14539   0.04931   0.04842   0.07763   1.14926   0.42421   1.20616   0.37719   0.08089   0.00575   0.05996   0.14913   0.35231   1.48692   0.13914   0.21893   0.56085   0.75965   1.27008   0.34140   0.80235   0.06380   0.15264   3.97560   0.19638   0.10031   0.00119   0.05331   0.51621  
  6 441.1976   1812.347316  x:  0.14897   0.20334   0.13874   0.05406   0.03692   0.07763   1.14484   0.42685   1.21506   0.38467   0.07377   0.00426   0.05825   0.14633   0.35365   1.48544   0.13086   0.21584   0.56239   0.76076   1.26264   0.33677   0.80755   0.04955   0.14453   3.97279   0.20773   0.10283   0.00076   0.03837   0.50391  
  7 66.4963   1807.544070  x:  0.15189   0.21553   0.13368   0.05496   0.00913   0.08659   1.12856   0.43660   1.25070   0.41383   0.05924   0.00425   0.05620   0.14992   0.35906   1.48082   0.09782   0.20310   0.56893   0.76537   1.23427   0.31866   0.82824   0.00000   0.13964   3.96196   0.26094   0.10481   0.00099   0.03800   0.44827  
  8 162.8495   1807.544070  x:  0.15189   0.21553   0.13368   0.05496   0.00913   0.08659   1.12856   0.43660   1.25070   0.41383   0.05924   0.00425   0.05620   0.14992   0.35906   1.48082   0.09782   0.20310   0.56893   0.76537   1.23427   0.31866   0.82824   0.00000   0.13964   3.96196   0.26094   0.10481   0.00099   0.03800   0.44827  
  9 538.3731   1806.959653  x:  0.15165   0.21538   0.13323   0.05454   0.01013   0.08686   1.12842   0.43662   1.25085   0.41393   0.05905   0.00642   0.05630   0.14976   0.35906   1.48074   0.09764   0.20305   0.56893   0.76535   1.23406   0.31856   0.82831   0.00002   0.13913   3.96191   0.26106   0.10494   0.00000   0.03929   0.44779  
 10 213.2762   1805.696629  x:  0.14812   0.21318   0.12662   0.04858   0.01559   0.09063   1.12641   0.43700   1.25304   0.41553   0.05521   0.00431   0.05408   0.14685   0.35911   1.47959   0.09511   0.20223   0.56892   0.76512   1.23099   0.31706   0.82930   0.00003   0.13174   3.96116   0.26260   0.10719   0.00000   0.05702   0.44128  
 11 171.8912   1805.615257  x:  0.14787   0.21302   0.12615   0.04819   0.01554   0.09088   1.12625   0.43703   1.25320   0.41565   0.05495   0.00433   0.05395   0.14666   0.35911   1.47950   0.09493   0.20217   0.56892   0.76510   1.23076   0.31695   0.82937   0.00000   0.13120   3.96110   0.26276   0.10734   0.00000   0.05695   0.44090  
 12 112.2100   1800.562837  x:  0.12726   0.19954   0.09589   0.05649   0.03047   0.08648   1.10766   0.43904   1.27088   0.42737   0.03681   0.00000   0.05246   0.13704   0.35814   1.46876   0.07320   0.19510   0.56800   0.76195   1.20306   0.30423   0.83636   0.00000   0.08806   3.95472   0.28063   0.12492   0.00000   0.04538   0.37777  
 13 159.1646   1793.395023  x:  0.09467   0.17751   0.05052   0.07319   0.02350   0.07606   1.07624   0.44211   1.30039   0.44643   0.01014   0.00096   0.04860   0.12439   0.35621   1.45066   0.03669   0.18323   0.56608   0.75629   1.15630   0.28283   0.84771   0.00000   0.02249   3.94416   0.30891   0.15580   0.00000   0.03731   0.26516  
 14 1267.2326   1790.109810  x:  0.08232   0.16871   0.03481   0.07186   0.02501   0.07839   1.06297   0.44332   1.31271   0.45435   0.00000   0.00043   0.04412   0.11975   0.35535   1.44305   0.02144   0.17826   0.56517   0.75383   1.13663   0.27388   0.85240   0.00000   0.01872   3.93976   0.32048   0.16838   0.00000   0.03208   0.21530  
 15 380.2013   1790.109810  x:  0.08232   0.16871   0.03481   0.07186   0.02501   0.07839   1.06297   0.44332   1.31271   0.45435   0.00000   0.00043   0.04412   0.11975   0.35535   1.44305   0.02144   0.17826   0.56517   0.75383   1.13663   0.27388   0.85240   0.00000   0.01872   3.93976   0.32048   0.16838   0.00000   0.03208   0.21530  
 16 289.6186   1785.386194  x:  0.08320   0.16869   0.03903   0.06876   0.02525   0.08055   1.06202   0.44326   1.31336   0.45469   0.00276   0.04764   0.04695   0.12188   0.35522   1.44253   0.02055   0.17796   0.56495   0.75351   1.13531   0.27336   0.85255   0.00000   0.03195   3.93957   0.32115   0.16868   0.00000   0.02453   0.20914  
 17 615.1339   1779.688306  x:  0.08940   0.16734   0.06478   0.04385   0.02307   0.09372   1.05458   0.44276   1.31860   0.45692   0.00970   0.03888   0.03655   0.12814   0.35385   1.43846   0.01345   0.17558   0.56317   0.75101   1.12482   0.26905   0.85356   0.00000   0.07713   3.93795   0.32465   0.17152   0.00000   0.00865   0.15730  
 18 134.0087   1776.056521  x:  0.09454   0.16609   0.08598   0.02284   0.02116   0.10460   1.04825   0.44234   1.32306   0.45881   0.01543   0.03236   0.02804   0.13331   0.35268   1.43499   0.00741   0.17356   0.56165   0.74888   1.11590   0.26539   0.85443   0.00000   0.11424   3.93657   0.32753   0.17392   0.01053   0.00150   0.11273  
 19 4262.2322   1775.534150  x:  0.09456   0.16538   0.08544   0.02233   0.02048   0.10438   1.04693   0.44236   1.32406   0.45930   0.01505   0.03233   0.02965   0.13303   0.35247   1.43432   0.00629   0.17321   0.56137   0.74851   1.11410   0.26468   0.85470   0.00000   0.11308   3.93627   0.32780   0.17417   0.01088   0.00000   0.10550  
 20 99.1838   1774.857308  x:  0.09467   0.16260   0.08462   0.02180   0.01901   0.10398   1.04133   0.44264   1.32852   0.46156   0.01383   0.03367   0.03235   0.13221   0.35165   1.43151   0.00165   0.17184   0.56025   0.74702   1.10641   0.26181   0.85599   0.00000   0.11130   3.93490   0.32903   0.17478   0.00374   0.00886   0.08150  
 21 183.4378   1774.731111  x:  0.09473   0.16163   0.08446   0.02085   0.01897   0.10395   1.03923   0.44284   1.33027   0.46249   0.01359   0.03387   0.03147   0.13210   0.35138   1.43051   0.00000   0.17141   0.55989   0.74652   1.10354   0.26081   0.85655   0.00000   0.11069   3.93435   0.32929   0.17493   0.00362   0.00893   0.08140  
 22 31.6895   1768.535734  x:  0.10461   0.08080   0.10569   0.04588   0.02401   0.11324   0.82231   0.46240   1.50979   0.55650   0.00382   0.03693   0.01609   0.13379   0.32369   1.32612   0.00000   0.12968   0.52470   0.69467   0.80631   0.16342   0.91404   0.00000   0.09665   3.87716   0.35783   0.19115   0.00394   0.00836   0.08772  
 23 215.2081   1765.181167  x:  0.10762   0.06320   0.11199   0.03139   0.02339   0.11581   0.67659   0.47507   1.62926   0.61818   0.00180   0.03526   0.04402   0.13789   0.30486   1.25607   0.00000   0.10589   0.50365   0.66028   0.60657   0.10631   0.95197   0.00000   0.09400   3.83823   0.37691   0.20171   0.00049   0.01483   0.10030  
 24 532.7928   1761.620837  x:  0.10657   0.09101   0.10866   0.03534   0.02433   0.11293   0.54569   0.48594   1.73518   0.67175   0.00111   0.03645   0.03671   0.14124   0.28748   1.19295   0.00000   0.09160   0.48858   0.63002   0.42920   0.07496   0.98513   0.00000   0.08901   3.80261   0.39420   0.21123   0.00000   0.01537   0.10307  
 25 427.5089   1758.037360  x:  0.09881   0.08195   0.09795   0.03560   0.01649   0.10705   0.38882   0.49948   1.86042   0.73268   0.00195   0.03609   0.03563   0.14353   0.26545   1.11626   0.00000   0.09452   0.48061   0.59642   0.23846   0.13181   1.02327   0.00000   0.09306   3.75760   0.41592   0.22173   0.00000   0.01686   0.10741  
 26 179.2722   1757.699798  x:  0.10051   0.08217   0.09742   0.03438   0.03040   0.10774   0.36864   0.50239   1.87719   0.74018   0.00000   0.03603   0.03677   0.14196   0.26196   1.10524   0.00000   0.09169   0.47791   0.59220   0.22853   0.13870   1.02809   0.00000   0.09231   3.75096   0.41940   0.22266   0.00000   0.01669   0.10705  
 27 59.7861   1753.988446  x:  0.11664   0.09281   0.10500   0.03394   0.01753   0.11414   0.24370   0.52808   1.98590   0.78544   0.00000   0.03714   0.03816   0.13318   0.23669   1.03005   0.15329   0.05848   0.45207   0.56691   0.24653   0.16041   1.05783   0.00000   0.08414   3.70472   0.44453   0.22644   0.00000   0.01786   0.11011  
 28 60.6277   1752.847800  x:  0.08385   0.08575   0.08180   0.03634   0.02057   0.09837   0.20068   0.54833   2.03158   0.79901   0.00000   0.03447   0.03600   0.14577   0.22349   0.99400   0.18061   0.08389   0.45344   0.56335   0.26955   0.14518   1.06712   0.00000   0.10006   3.67875   0.45780   0.22704   0.00000   0.01671   0.10919  
 29 36.3394   1751.175076  x:  0.12419   0.08661   0.06946   0.03551   0.02049   0.10456   0.06195   0.62788   2.19337   0.84340   0.00000   0.03427   0.03581   0.14732   0.17713   0.86504   0.16269   0.15623   0.46704   0.55411   0.30076   0.13412   1.09751   0.00000   0.08867   3.58187   0.50226   0.23169   0.00000   0.01752   0.10902  
 30 40.6675   1750.147433  x:  0.10822   0.09152   0.09489   0.03188   0.02158   0.10411   0.00000   0.68388   2.29006   0.86783   0.00000   0.03571   0.03625   0.13474   0.15042   0.78785   0.14414   0.16834   0.46994   0.54996   0.31137   0.13824   1.11439   0.00000   0.07016   3.52213   0.52855   0.23428   0.00000   0.01802   0.10879  
 31 71.6635   1750.147433  x:  0.10822   0.09152   0.09489   0.03188   0.02158   0.10411   0.00000   0.68388   2.29006   0.86783   0.00000   0.03571   0.03625   0.13474   0.15042   0.78785   0.14414   0.16834   0.46994   0.54996   0.31137   0.13824   1.11439   0.00000   0.07016   3.52213   0.52855   0.23428   0.00000   0.01802   0.10879  
 32 63.5065   1748.921458  x:  0.10296   0.10833   0.08326   0.02759   0.02095   0.09961   0.00451   0.68623   2.29092   0.86693   0.00000   0.02483   0.03563   0.13412   0.15002   0.78661   0.14202   0.16628   0.47029   0.55052   0.31128   0.14166   1.11390   0.00000   0.06425   3.52059   0.52884   0.23431   0.00000   0.00924   0.10103  
 33 75.9145   1748.074163  x:  0.09765   0.12511   0.07154   0.02343   0.02031   0.09509   0.00909   0.68861   2.29181   0.86602   0.00000   0.01419   0.03512   0.13350   0.14961   0.78534   0.13985   0.16417   0.47066   0.55110   0.31118   0.14513   1.11341   0.00000   0.05831   3.51903   0.52908   0.23432   0.00558   0.00375   0.09324  
 34 1296.6564   1747.417364  x:  0.08988   0.14493   0.05708   0.02642   0.02022   0.08956   0.01746   0.69308   2.29374   0.86446   0.00000   0.02539   0.04087   0.13296   0.14914   0.78305   0.13539   0.16026   0.47147   0.55238   0.31104   0.15171   1.11269   0.00000   0.05180   3.51587   0.52890   0.23389   0.00695   0.00272   0.09573  
 35 66.5184   1747.160968  x:  0.08597   0.15347   0.05780   0.03313   0.02145   0.08907   0.02735   0.69855   2.29650   0.86232   0.00000   0.02193   0.03712   0.13233   0.14855   0.77986   0.12877   0.15514   0.47264   0.55419   0.31076   0.16023   1.11175   0.00000   0.05393   3.51142   0.52828   0.23310   0.00672   0.00408   0.10534  
 36 29.8194   1746.428294  x:  0.08227   0.16585   0.07527   0.02511   0.01876   0.09647   0.07408   0.72531   2.31120   0.84953   0.00000   0.02776   0.03500   0.13085   0.14438   0.76121   0.09048   0.12789   0.47858   0.56342   0.30839   0.20457   1.10577   0.00000   0.06649   3.48716   0.52551   0.22988   0.00550   0.00709   0.09960  
 37 33.3076   1745.466375  x:  0.09331   0.15168   0.07244   0.02815   0.02565   0.09931   0.12458   0.75506   2.33134   0.83148   0.00000   0.02350   0.04517   0.13090   0.13827   0.73471   0.03499   0.09659   0.48684   0.57559   0.30470   0.25997   1.09733   0.00000   0.05447   3.45374   0.52062   0.22563   0.00892   0.00000   0.09874  
 38 62.0658   1745.039786  x:  0.09713   0.13746   0.06369   0.02809   0.01923   0.09677   0.14741   0.76882   2.34355   0.82023   0.00000   0.02200   0.04096   0.13200   0.13422   0.71803   0.00000   0.08380   0.49205   0.58268   0.30253   0.29052   1.09204   0.00000   0.04884   3.43335   0.51796   0.22257   0.00300   0.01075   0.09789  
 39 93.4115   1744.893052  x:  0.09561   0.13039   0.05740   0.02821   0.02696   0.09233   0.15414   0.77330   2.35171   0.81218   0.00000   0.02138   0.04060   0.13273   0.13113   0.70600   0.00000   0.08374   0.49569   0.58701   0.30134   0.30804   1.08818   0.00000   0.05478   3.41940   0.51560   0.22093   0.00000   0.01605   0.09512  
 40 30.7714   1744.863627  x:  0.09517   0.13064   0.05757   0.02823   0.02540   0.09211   0.15357   0.77299   2.35187   0.81199   0.00000   0.02174   0.03994   0.13279   0.13104   0.70570   0.00000   0.08437   0.49576   0.58706   0.30132   0.30800   1.08809   0.00000   0.05473   3.41910   0.51563   0.22087   0.00000   0.01412   0.09546  
 41 18.8648   1744.818809  x:  0.09337   0.13110   0.05836   0.02870   0.02033   0.09082   0.15189   0.77221   2.35394   0.80984   0.00000   0.02267   0.03842   0.13304   0.13013   0.70239   0.00000   0.08728   0.49660   0.58797   0.30097   0.31040   1.08703   0.00000   0.05462   3.41546   0.51525   0.22045   0.00283   0.00832   0.09625  
 42 83.9535   1744.532786  x:  0.08868   0.12681   0.06228   0.03008   0.02158   0.08420   0.15296   0.77482   2.37761   0.78591   0.00000   0.01960   0.04559   0.13392   0.12068   0.66616   0.00000   0.10075   0.50574   0.59911   0.29671   0.34753   1.07538   0.00000   0.05272   3.37448   0.50839   0.21591   0.00000   0.01459   0.09471  
 43 47.3504   1744.248400  x:  0.09502   0.13231   0.06281   0.02484   0.02303   0.09346   0.14574   0.77292   2.40363   0.75979   0.00000   0.02224   0.03895   0.13381   0.11067   0.62610   0.00000   0.11340   0.51227   0.60953   0.29031   0.37493   1.06244   0.00000   0.04620   3.32925   0.50073   0.21128   0.00079   0.01321   0.09902  
 44 49.5510   1744.089090  x:  0.09939   0.13436   0.06084   0.02966   0.02264   0.09830   0.14282   0.77231   2.41648   0.74708   0.00000   0.02235   0.03873   0.13318   0.10613   0.60651   0.00000   0.11409   0.51364   0.61386   0.28638   0.38436   1.05598   0.00000   0.04814   3.30691   0.49690   0.20913   0.00000   0.01477   0.09604  
 45 60.0594   1743.775651  x:  0.10371   0.13755   0.05661   0.02551   0.01708   0.10062   0.13179   0.76890   2.45279   0.71254   0.00000   0.01947   0.04615   0.13042   0.09551   0.55246   0.00000   0.10226   0.51085   0.62280   0.27348   0.39279   1.03774   0.00000   0.05627   3.24364   0.48584   0.20307   0.00000   0.01516   0.10244  
 46 50.8502   1743.007322  x:  0.09884   0.14143   0.06341   0.02604   0.01975   0.09003   0.10676   0.76107   2.53780   0.63320   0.00000   0.02248   0.04012   0.12716   0.07323   0.42747   0.00000   0.06498   0.49924   0.64042   0.24389   0.39896   0.99451   0.00000   0.05313   3.09477   0.46066   0.18903   0.00000   0.01432   0.10276  
 47 124.7739   1742.793292  x:  0.08444   0.13710   0.06088   0.02632   0.02020   0.10168   0.11056   0.76476   2.56839   0.61350   0.00000   0.02142   0.04137   0.13409   0.07759   0.39441   0.00000   0.06617   0.49376   0.64144   0.24872   0.38930   0.97792   0.00000   0.05119   3.03802   0.45185   0.18347   0.00000   0.01395   0.10228  
 48 22.1794   1742.419834  x:  0.08936   0.13819   0.06145   0.02618   0.02001   0.09748   0.11426   0.76712   2.57834   0.60969   0.02710   0.02177   0.04084   0.13342   0.08230   0.38746   0.00000   0.07013   0.49203   0.64043   0.25317   0.38456   0.97227   0.00000   0.05198   3.01869   0.44897   0.18157   0.00000   0.01409   0.10214  
 49 34.4474   1741.536647  x:  0.08916   0.13249   0.05956   0.02601   0.02001   0.09403   0.13729   0.78250   2.65424   0.57358   0.05197   0.02347   0.03779   0.07616   0.10931   0.32618   0.00000   0.09403   0.47914   0.63465   0.28257   0.35224   0.93001   0.00000   0.05071   2.87281   0.42725   0.16693   0.00000   0.01376   0.09968  
 50 49.7003   1741.270061  x:  0.09569   0.13604   0.06063   0.02581   0.01932   0.08884   0.14100   0.78325   2.73308   0.54743   0.03841   0.02343   0.03765   0.09830   0.14299   0.29733   0.00000   0.10004   0.46865   0.61673   0.29116   0.34005   0.88970   0.00000   0.05241   2.71682   0.40802   0.14619   0.00000   0.01356   0.09878  
 51 15.5156   1740.773195  x:  0.08971   0.13826   0.06129   0.02609   0.01868   0.09268   0.11520   0.75971   2.83224   0.54322   0.03967   0.02357   0.03739   0.09218   0.19929   0.34255   0.00000   0.08743   0.46466   0.57327   0.26580   0.36040   0.84435   0.00000   0.05106   2.51238   0.38917   0.10997   0.00000   0.01172   0.09648  
 52 23.3922   1740.759958  x:  0.08953   0.13833   0.06131   0.02610   0.01866   0.09279   0.11441   0.75899   2.83529   0.54309   0.03971   0.02358   0.03739   0.09200   0.20099   0.34395   0.00000   0.08705   0.46455   0.57194   0.26502   0.36101   0.84296   0.00000   0.05102   2.50610   0.38858   0.10886   0.00061   0.01166   0.09641  
 53 573.9698   1740.609345  x:  0.08975   0.13907   0.06188   0.02607   0.01914   0.09180   0.11596   0.75241   2.87516   0.53391   0.03948   0.02364   0.03795   0.09327   0.14922   0.38645   0.00000   0.08915   0.49181   0.57912   0.26444   0.33678   0.83630   0.00000   0.05131   2.44219   0.38607   0.08191   0.00119   0.01020   0.09541  
 54  3.2474   1740.552562  x:  0.09011   0.14029   0.06252   0.02616   0.01898   0.09198   0.10632   0.74323   2.89292   0.54616   0.04018   0.02363   0.03839   0.09254   0.12345   0.39523   0.00000   0.08493   0.47806   0.57638   0.28579   0.33970   0.83664   0.00000   0.05110   2.43230   0.38344   0.06411   0.00153   0.00934   0.09521  
 55  2.2895   1740.408978  x:  0.09076   0.14088   0.06303   0.02632   0.01892   0.09202   0.09869   0.73438   2.94678   0.60419   0.04045   0.02343   0.03933   0.09195   0.07513   0.38953   0.00000   0.10355   0.43529   0.56756   0.26854   0.33087   0.83939   0.00000   0.05035   2.42568   0.36999   0.00714   0.00260   0.00650   0.09369  
 56  3.2333   1740.237617  x:  0.08972   0.14450   0.06465   0.02659   0.01873   0.09280   0.06401   0.72335   3.01402   0.68326   0.04085   0.02331   0.04048   0.09018   0.06319   0.35996   0.00000   0.09856   0.46808   0.56416   0.27385   0.31332   0.84030   0.00000   0.04989   2.44257   0.34184  -0.06741   0.00404   0.00264   0.09106  
 57  3.6237   1740.080009  x:  0.08825   0.14626   0.06399   0.02703   0.01844   0.09189   0.00000   0.78164   3.07269   0.63852   0.04117   0.02336   0.03888   0.09038   0.07931   0.38476   0.00000   0.10322   0.46003   0.56160   0.27571   0.30661   0.83849   0.00000   0.05037   2.50230   0.26936  -0.11096   0.00347   0.00261   0.08824  
 58  1.2644   1740.063147  x:  0.08819   0.14529   0.06348   0.02698   0.01878   0.09172   0.00000   0.75676   3.06615   0.63846   0.04121   0.02331   0.03868   0.09045   0.07961   0.38235   0.00000   0.10305   0.46129   0.56295   0.27522   0.30799   0.84604   0.00000   0.05073   2.49876   0.26564  -0.09691   0.00291   0.00375   0.08810  
 59  0.7316   1740.049180  x:  0.08779   0.14442   0.06271   0.02703   0.01929   0.09139   0.01891   0.74723   3.06273   0.63884   0.04128   0.02325   0.03823   0.09056   0.07920   0.38107   0.00000   0.10306   0.46234   0.56472   0.27497   0.30909   0.85713   0.00000   0.05136   2.49658   0.25314  -0.08219   0.00207   0.00535   0.08761  
 60  1.3121   1740.038043  x:  0.08718   0.14431   0.06196   0.02728   0.01983   0.09106   0.00512   0.76834   3.05551   0.63683   0.04160   0.02318   0.03767   0.09034   0.07697   0.38112   0.00000   0.10370   0.46332   0.56116   0.27469   0.30945   0.85718   0.00000   0.05226   2.49768   0.23350  -0.07537   0.00126   0.00678   0.08720  
 61  0.3474   1740.028359  x:  0.08713   0.14467   0.06187   0.02751   0.02020   0.09116   0.00628   0.76597   3.02892   0.62532   0.04197   0.02312   0.03769   0.08965   0.08616   0.38085   0.00000   0.10457   0.45878   0.57520   0.27384   0.30919   0.84075   0.00000   0.05302   2.49484   0.23164  -0.07630   0.00116   0.00703   0.08759  
 62  0.2795   1740.016543  x:  0.08760   0.14501   0.06192   0.02774   0.02046   0.09148   0.01316   0.75457   2.98628   0.60518   0.04325   0.02306   0.03797   0.08798   0.09210   0.37531   0.00000   0.10659   0.45980   0.56307   0.27208   0.31004   0.82824   0.00000   0.05387   2.49182   0.23749  -0.07902   0.00130   0.00693   0.08877  
 63  0.9749   1740.011215  x:  0.08769   0.14559   0.06207   0.02789   0.02044   0.09155   0.01258   0.75431   2.96786   0.59247   0.04386   0.02306   0.03799   0.08707   0.10084   0.37408   0.00000   0.10791   0.45765   0.56449   0.27227   0.30919   0.84640   0.00000   0.05425   2.48978   0.23410  -0.09056   0.00156   0.00634   0.08866  
 64  0.3990   1740.004535  x:  0.08716   0.14587   0.06175   0.02802   0.02007   0.09102   0.01700   0.74554   2.94440   0.60412   0.04341   0.02322   0.03701   0.08783   0.09630   0.37352   0.00000   0.10857   0.45917   0.56375   0.27324   0.30842   0.84631   0.00000   0.05523   2.49228   0.19509  -0.12470   0.00168   0.00528   0.08749  
 65  0.0987   1740.000658  x:  0.08733   0.14601   0.06199   0.02827   0.02065   0.09098   0.01689   0.74705   2.95177   0.60669   0.04299   0.02301   0.03777   0.08849   0.09921   0.37708   0.00000   0.10944   0.46019   0.56281   0.27476   0.30694   0.84759   0.00000   0.05550   2.50944   0.19734  -0.14847   0.00210   0.00449   0.08682  
 66  0.0432   1739.998131  x:  0.08737   0.14517   0.06163   0.02834   0.02075   0.09084   0.01658   0.74879   2.94646   0.60278   0.04324   0.02289   0.03785   0.08843   0.09858   0.37840   0.00000   0.10885   0.45972   0.56322   0.27408   0.30835   0.84493   0.00000   0.05497   2.50540   0.17952  -0.18643   0.00255   0.00332   0.08595  
 67  0.0330   1739.997541  x:  0.08731   0.14493   0.06155   0.02828   0.02107   0.09085   0.01587   0.75014   2.95254   0.60498   0.04326   0.02290   0.03783   0.08818   0.09687   0.37752   0.00000   0.10807   0.45996   0.56331   0.27397   0.30881   0.84478   0.00000   0.05506   2.50298   0.19119  -0.19096   0.00279   0.00315   0.08626  
 68  0.0114   1739.997469  x:  0.08735   0.14489   0.06153   0.02827   0.02105   0.09086   0.01604   0.74959   2.95368   0.60463   0.04314   0.02291   0.03780   0.08833   0.09726   0.37713   0.00000   0.10808   0.46018   0.56349   0.27392   0.30907   0.84529   0.00000   0.05517   2.50261   0.19489  -0.19308   0.00292   0.00297   0.08622  
 69  0.0043   1739.997463  x:  0.08734   0.14490   0.06153   0.02828   0.02103   0.09085   0.01611   0.74944   2.95289   0.60453   0.04313   0.02289   0.03782   0.08836   0.09736   0.37707   0.00000   0.10809   0.46023   0.56348   0.27394   0.30901   0.84529   0.00000   0.05517   2.50258   0.19588  -0.19384   0.00294   0.00295   0.08624  
 70  0.0016   1739.997462  x:  0.08733   0.14489   0.06152   0.02828   0.02103   0.09084   0.01612   0.74942   2.95302   0.60445   0.04313   0.02289   0.03781   0.08836   0.09739   0.37716   0.00000   0.10810   0.46021   0.56346   0.27395   0.30900   0.84531   0.00000   0.05517   2.50274   0.19625  -0.19369   0.00294   0.00295   0.08625  
 71  0.0005   1739.997462  x:  0.08733   0.14489   0.06153   0.02828   0.02103   0.09084   0.01612   0.74943   2.95294   0.60447   0.04313   0.02289   0.03781   0.08835   0.09737   0.37717   0.00000   0.10811   0.46020   0.56346   0.27395   0.30901   0.84530   0.00000   0.05517   2.50274   0.19635  -0.19379   0.00295   0.00294   0.08625  
 72  0.0002   1739.997462  x:  0.08733   0.14489   0.06153   0.02828   0.02103   0.09084   0.01612   0.74943   2.95294   0.60447   0.04313   0.02289   0.03781   0.08835   0.09737   0.37717   0.00000   0.10811   0.46020   0.56346   0.27395   0.30901   0.84530   0.00000   0.05517   2.50274   0.19636  -0.19380   0.00295   0.00294   0.08625  
 73  0.0000   1739.997462  x:  0.08733   0.14489   0.06153   0.02828   0.02103   0.09084   0.01612   0.74943   2.95294   0.60447   0.04313   0.02289   0.03781   0.08835   0.09737   0.37717   0.00000   0.10811   0.46020   0.56346   0.27395   0.30901   0.84530   0.00000   0.05517   2.50275   0.19636  -0.19381   0.00295   0.00294   0.08625  