

TREE # 1

  0  0.0000   2185.141596  x:  0.07710   0.09314   0.01893   0.01633   0.09156   0.04837   0.01820   0.05116   0.06743   0.08779   0.08417   0.01780   0.03405   0.06058   0.03852   0.08440   0.05650   0.02899   0.03373   0.09789   0.06116   0.05561   0.07899   0.07887   0.10057   0.40000  
  1 99.0000   1808.223655  x:  0.07148   0.13889   0.25188   0.10529   0.02171   0.05916   0.94556   0.51350   0.56644   0.32331   0.04458   0.03084   0.04403   0.08110   0.36342   0.25859   0.12219   0.28696   0.83231   0.37293   0.27824   0.32072   0.43710   0.04901   0.04658   0.03589  
  2 1506.2786   1807.415536  x:  0.07333   0.13907   0.24552   0.09872   0.02172   0.05844   0.94478   0.51378   0.56964   0.32499   0.04478   0.02803   0.04239   0.08157   0.36365   0.26017   0.12037   0.28562   0.83163   0.37409   0.27805   0.32006   0.43958   0.04711   0.04777   0.03021  
  3 118.6985   1800.755775  x:  0.09227   0.14143   0.17989   0.03008   0.02124   0.05130   0.94303   0.52011   0.60705   0.34450   0.04661   0.00000   0.02603   0.08657   0.36849   0.27831   0.10182   0.27339   0.83004   0.38844   0.27780   0.31515   0.46831   0.02725   0.05957   0.03176  
  4 492.0599   1798.481092  x:  0.09819   0.14220   0.15861   0.00825   0.02108   0.04924   0.94224   0.52204   0.61903   0.35075   0.04737   0.00191   0.02223   0.08824   0.36998   0.28412   0.09580   0.26936   0.82933   0.39301   0.27767   0.31350   0.47750   0.02108   0.06322   0.03197  
  5 1260.1295   1792.034730  x:  0.11493   0.14856   0.06716   0.01028   0.02173   0.05601   0.93226   0.52719   0.66864   0.37605   0.04625   0.00000   0.04536   0.09208   0.37402   0.30793   0.06891   0.24953   0.82056   0.41127   0.27602   0.30460   0.51505   0.00996   0.07130   0.03185  
  6 170.9745   1790.346401  x:  0.11903   0.14921   0.03981   0.02015   0.01993   0.06119   0.92551   0.52851   0.69100   0.38720   0.04919   0.00214   0.02879   0.09514   0.37514   0.31832   0.05665   0.23959   0.81466   0.41922   0.27530   0.30036   0.53152   0.00836   0.07221   0.03199  
  7 192.3992   1784.626408  x:  0.11528   0.14495   0.04895   0.01735   0.01255   0.09362   0.87922   0.52755   0.79168   0.43439   0.04271   0.00215   0.02699   0.09426   0.37446   0.36296   0.00000   0.18772   0.77446   0.45336   0.27180   0.27931   0.60307   0.01365   0.05887   0.03153  
  8 84.9782   1781.647036  x:  0.11102   0.14332   0.05818   0.02110   0.02517   0.09438   0.85271   0.52694   0.84718   0.45924   0.04059   0.00274   0.02597   0.09500   0.37339   0.38658   0.00000   0.15968   0.75178   0.47224   0.27221   0.27130   0.64170   0.00000   0.05605   0.03150  
  9 381.1834   1779.298849  x:  0.09708   0.14087   0.06920   0.02816   0.00631   0.08450   0.81876   0.52513   0.91270   0.48525   0.04172   0.00325   0.02784   0.09787   0.37026   0.41108   0.00000   0.12941   0.72388   0.49424   0.27794   0.27002   0.68409   0.00000   0.05889   0.03150  
 10 232.4586   1778.095383  x:  0.06401   0.13755   0.06903   0.02688   0.00886   0.11015   0.78819   0.52180   0.96649   0.49487   0.05007   0.00273   0.02865   0.10036   0.36308   0.41794   0.00000   0.12132   0.70365   0.51106   0.29869   0.29515   0.70629   0.00000   0.06273   0.03107  
 11 57.4795   1776.581193  x:  0.09256   0.13621   0.07697   0.03057   0.00730   0.14495   0.72644   0.51346   1.06558   0.49852   0.05383   0.00332   0.02805   0.08824   0.34378   0.41423   0.00000   0.12774   0.66900   0.53936   0.34552   0.36004   0.73231   0.00000   0.04780   0.03078  
 12 54.4901   1775.720051  x:  0.09659   0.14614   0.07709   0.03044   0.00767   0.13459   0.68487   0.50983   1.13927   0.48776   0.04813   0.00396   0.02612   0.07116   0.32693   0.39402   0.00000   0.15451   0.65641   0.55498   0.36562   0.39829   0.73700   0.00000   0.07598   0.03060  
 13 30.1954   1774.027952  x:  0.08895   0.15468   0.06676   0.02471   0.00951   0.08916   0.60949   0.50556   1.27748   0.46108   0.06802   0.00254   0.03044   0.07406   0.29474   0.34823   0.00000   0.20966   0.63981   0.58054   0.39281   0.46106   0.73926   0.00000   0.06125   0.02974  
 14 79.0668   1773.207442  x:  0.08695   0.11599   0.06280   0.02667   0.01010   0.08993   0.56554   0.51767   1.37832   0.43517   0.04848   0.00306   0.03019   0.07976   0.27929   0.30983   0.00000   0.23187   0.64717   0.58533   0.36032   0.45082   0.73563   0.00000   0.05983   0.02972  
 15 16.5078   1772.215651  x:  0.09295   0.13243   0.06837   0.02877   0.00979   0.10705   0.50301   0.53792   1.52025   0.39869   0.04964   0.00304   0.03199   0.10629   0.26191   0.26068   0.00000   0.25459   0.66015   0.58641   0.30340   0.42159   0.72811   0.00000   0.06643   0.02969  
 16 50.8545   1771.854186  x:  0.08607   0.14811   0.06583   0.02870   0.00916   0.10935   0.47963   0.54607   1.56939   0.38745   0.04130   0.00353   0.02910   0.09252   0.26021   0.25088   0.00000   0.25854   0.66504   0.58305   0.28653   0.40974   0.72275   0.00000   0.05523   0.02953  
 17 37.0526   1771.008151  x:  0.08758   0.14392   0.06374   0.02930   0.00963   0.11361   0.42277   0.56858   1.67227   0.37218   0.08537   0.00275   0.03322   0.04715   0.27973   0.26980   0.00000   0.24961   0.67866   0.55663   0.27316   0.37808   0.69616   0.00000   0.05511   0.02906  
 18 17.6285   1768.861171  x:  0.09357   0.15074   0.05146   0.02927   0.01109   0.11444   0.25763   0.62856   1.90716   0.35755   0.05052   0.00295   0.03484   0.08467   0.36269   0.36945   0.00000   0.18389   0.70134   0.45899   0.33631   0.31432   0.61349   0.00000   0.05801   0.02737  
 19 19.6954   1766.637025  x:  0.09883   0.15331   0.03719   0.02913   0.01247   0.11419   0.13426   0.69539   1.95758   0.46781   0.04342   0.00255   0.03922   0.09321   0.36553   0.40577   0.00000   0.13749   0.62212   0.59551   0.25077   0.35303   0.71772   0.00000   0.06012   0.02510  
 20  4.9072   1765.789546  x:  0.09970   0.15497   0.03330   0.02957   0.01296   0.11662   0.15154   0.72862   1.98746   0.49835   0.05092   0.00241   0.04113   0.08493   0.29095   0.38788   0.00000   0.15621   0.53459   0.60317   0.31007   0.27663   0.81049   0.00000   0.05944   0.02460  
 21  7.2747   1765.148620  x:  0.09971   0.15523   0.03465   0.03030   0.01367   0.11491   0.17303   0.70159   2.02870   0.52984   0.04962   0.00259   0.04215   0.08620   0.20112   0.42443   0.00000   0.16426   0.50576   0.50185   0.27858   0.30750   0.89786   0.00000   0.05909   0.02511  
 22  4.0726   1764.166295  x:  0.09930   0.15643   0.04106   0.03165   0.01531   0.11165   0.14245   0.58981   2.09002   0.55493   0.05090   0.00302   0.04346   0.08350   0.12555   0.44496   0.00000   0.13456   0.56753   0.53806   0.30488   0.27858   0.94614   0.00000   0.05766   0.02665  
 23  2.7112   1762.820508  x:  0.09857   0.15743   0.05178   0.03268   0.01763   0.10302   0.15998   0.61768   2.20490   0.56882   0.04775   0.00357   0.04544   0.08664   0.19056   0.43693   0.00000   0.09711   0.44593   0.59153   0.29481   0.28958   0.92064   0.00000   0.05634   0.02865  
 24  3.7014   1762.578796  x:  0.09647   0.15733   0.05629   0.03378   0.01763   0.10364   0.12756   0.64549   2.21659   0.58533   0.04489   0.00381   0.04573   0.09082   0.20950   0.46067   0.00000   0.14355   0.42820   0.60102   0.29195   0.27965   0.92518   0.00000   0.05478   0.02880  
 25  6.3538   1762.352535  x:  0.09586   0.15739   0.05848   0.03362   0.01776   0.10107   0.06822   0.74856   2.20795   0.58467   0.04641   0.00397   0.04598   0.08911   0.18591   0.45938   0.00000   0.13251   0.44816   0.59936   0.30297   0.28739   0.94216   0.00000   0.05467   0.02902  
 26  3.5321   1762.007416  x:  0.09035   0.15205   0.06060   0.03421   0.01914   0.08784   0.09482   0.72015   2.22871   0.54452   0.04652   0.00585   0.04654   0.08940   0.14824   0.49017   0.00000   0.13540   0.43419   0.63272   0.30342   0.32492   0.93943   0.00000   0.05383   0.02877  
 27  0.1182   1761.903283  x:  0.08864   0.15022   0.06147   0.03438   0.01963   0.08372   0.08720   0.69979   2.23347   0.57231   0.05047   0.00632   0.04714   0.08535   0.17555   0.44737   0.00000   0.13384   0.44094   0.61360   0.31171   0.33419   0.95861   0.00000   0.05363   0.02868  
 28  1.7878   1761.901727  x:  0.08859   0.15015   0.06150   0.03438   0.01965   0.08359   0.08698   0.69917   2.23368   0.57337   0.05059   0.00634   0.04716   0.08522   0.17631   0.44600   0.00000   0.13379   0.44116   0.61300   0.31196   0.33447   0.95909   0.00143   0.05363   0.02868  
 29  3.5607   1761.841140  x:  0.08680   0.14745   0.06303   0.03419   0.02022   0.08393   0.09410   0.70836   2.26264   0.66148   0.05119   0.00719   0.04606   0.08466   0.13126   0.43424   0.00000   0.13197   0.44725   0.61212   0.30562   0.32797   0.89936   0.00000   0.05393   0.02868  
 30  0.3793   1761.841140  x:  0.08680   0.14745   0.06303   0.03419   0.02022   0.08393   0.09410   0.70836   2.26264   0.66148   0.05119   0.00719   0.04606   0.08466   0.13126   0.43424   0.00000   0.13197   0.44725   0.61212   0.30562   0.32797   0.89936   0.00000   0.05393   0.02868  
 31  0.2764   1761.322506  x:  0.08707   0.14742   0.06246   0.03212   0.02034   0.08504   0.09430   0.70851   2.26286   0.66144   0.05142   0.02098   0.04588   0.08480   0.13155   0.43438   0.00000   0.13199   0.44754   0.61221   0.30555   0.32776   0.89964   0.00004   0.05421   0.02823  
 32 98.2224   1761.309140  x:  0.08711   0.14742   0.06238   0.03181   0.02036   0.08523   0.09435   0.70854   2.26291   0.66143   0.05137   0.02120   0.04551   0.08475   0.13161   0.43441   0.00000   0.13200   0.44761   0.61223   0.30554   0.32772   0.89970   0.00001   0.05425   0.02888  
 33 33.5704   1761.306246  x:  0.08713   0.14742   0.06236   0.03173   0.02036   0.08528   0.09436   0.70855   2.26292   0.66142   0.05135   0.02121   0.04540   0.08474   0.13163   0.43442   0.00000   0.13200   0.44762   0.61224   0.30554   0.32770   0.89971   0.00000   0.05426   0.02888  
 34 30.5365   1761.280015  x:  0.08783   0.14740   0.06331   0.03498   0.01983   0.08873   0.09594   0.70968   2.26472   0.66092   0.04994   0.02176   0.04265   0.08388   0.13381   0.43552   0.00000   0.13220   0.44992   0.61298   0.30504   0.32610   0.90189   0.00000   0.05429   0.02885  
 35  7.7976   1761.204094  x:  0.08903   0.14755   0.06242   0.03341   0.02201   0.09469   0.10569   0.71682   2.27666   0.65754   0.04648   0.02111   0.04734   0.08353   0.14778   0.44270   0.00000   0.13317   0.46452   0.61773   0.30218   0.31615   0.91622   0.00000   0.05315   0.02858  
 36  7.9040   1761.124743  x:  0.08786   0.14776   0.06248   0.03270   0.01714   0.09244   0.11562   0.72440   2.29041   0.65362   0.04715   0.02105   0.04690   0.08671   0.16308   0.45078   0.00000   0.13369   0.48024   0.62286   0.29970   0.30603   0.93250   0.00000   0.05313   0.02830  
 37 29.0107   1761.073965  x:  0.08706   0.14802   0.06304   0.03373   0.02047   0.08808   0.12186   0.72945   2.30060   0.65070   0.04831   0.02133   0.04438   0.08913   0.17372   0.45656   0.00000   0.13359   0.49092   0.62635   0.29860   0.29979   0.94437   0.00000   0.05428   0.02810  
 38 41.8311   1761.047002  x:  0.08809   0.14749   0.06277   0.03378   0.02015   0.08444   0.12101   0.73081   2.31021   0.64784   0.04538   0.02166   0.04385   0.08488   0.17943   0.46065   0.00000   0.13065   0.49497   0.62775   0.30215   0.30175   0.95435   0.00000   0.05407   0.02799  
 39  5.9348   1760.947577  x:  0.08983   0.14547   0.06289   0.03351   0.02008   0.08719   0.11050   0.73373   2.35442   0.63466   0.05257   0.02124   0.04447   0.08292   0.20034   0.47758   0.00000   0.11592   0.50691   0.63214   0.32060   0.31665   0.99848   0.00000   0.05580   0.02748  
 40 14.0111   1760.929537  x:  0.08642   0.14700   0.06294   0.03343   0.02060   0.08776   0.10714   0.73389   2.36460   0.63177   0.05222   0.02133   0.04389   0.08334   0.20229   0.47999   0.00000   0.11541   0.50708   0.63251   0.32154   0.31801   1.00744   0.00000   0.05210   0.02741  
 41  8.3770   1760.888385  x:  0.08199   0.15208   0.06287   0.03325   0.02041   0.08866   0.09719   0.73394   2.39284   0.62411   0.04839   0.02135   0.04425   0.08531   0.20331   0.48429   0.00000   0.11850   0.50379   0.63258   0.31891   0.31823   1.03025   0.00000   0.05592   0.02727  
 42 11.2169   1760.816085  x:  0.08939   0.15545   0.06275   0.03307   0.02009   0.08790   0.07974   0.73457   2.44631   0.61026   0.04465   0.02138   0.04379   0.09148   0.20233   0.49078   0.00000   0.12625   0.49530   0.63212   0.31119   0.31656   1.07150   0.00000   0.05403   0.02702  
 43 26.2214   1760.770531  x:  0.08743   0.14387   0.06279   0.03290   0.02040   0.08812   0.07434   0.73765   2.48303   0.60276   0.04537   0.02140   0.04363   0.09020   0.19812   0.49294   0.00000   0.13061   0.48736   0.63113   0.30566   0.31462   1.09590   0.00000   0.05449   0.02689  
 44 12.3850   1760.700110  x:  0.08791   0.14812   0.06244   0.03259   0.02030   0.08840   0.08500   0.75135   2.55152   0.59582   0.05748   0.02131   0.04338   0.07690   0.18216   0.49051   0.00000   0.13231   0.47056   0.62832   0.30197   0.31348   1.12925   0.00000   0.05437   0.02661  
 45  7.3554   1760.660206  x:  0.08809   0.14757   0.06521   0.03148   0.02036   0.08847   0.09546   0.76057   2.60045   0.59933   0.05028   0.02141   0.04306   0.08480   0.16844   0.48221   0.00000   0.13222   0.46800   0.62857   0.31018   0.31725   1.14096   0.00000   0.05441   0.02638  
 46  4.7878   1760.650491  x:  0.08803   0.14740   0.06168   0.03246   0.02033   0.08848   0.09696   0.76220   2.61291   0.60125   0.04916   0.02144   0.04283   0.08639   0.16544   0.47999   0.00000   0.13230   0.46846   0.62893   0.31184   0.31789   1.14271   0.00000   0.05444   0.02632  
 47 10.6257   1760.545647  x:  0.08812   0.14760   0.06249   0.03120   0.02037   0.08905   0.08218   0.76308   2.77357   0.65210   0.05466   0.02146   0.04192   0.07998   0.14293   0.45166   0.00000   0.13555   0.50059   0.64073   0.31560   0.31499   1.13535   0.00000   0.05453   0.02571  
 48  5.0813   1760.510672  x:  0.08822   0.14783   0.06234   0.03085   0.02037   0.08928   0.07878   0.76369   2.82951   0.67307   0.05186   0.02151   0.04154   0.08270   0.14809   0.45031   0.00000   0.12032   0.49611   0.64124   0.31029   0.30952   1.12539   0.00000   0.05460   0.02555  
 49  4.6901   1760.480415  x:  0.08825   0.14784   0.06219   0.03048   0.02040   0.08943   0.08065   0.76643   2.88307   0.69197   0.05034   0.02154   0.04107   0.08431   0.16501   0.46209   0.00000   0.13074   0.48549   0.63777   0.30972   0.31701   1.10698   0.00000   0.05463   0.02523  
 50  3.1176   1760.468136  x:  0.08827   0.14790   0.06209   0.03016   0.02040   0.08972   0.07806   0.76760   2.90681   0.67930   0.05004   0.02165   0.04070   0.08435   0.16165   0.48012   0.00000   0.13154   0.48648   0.63634   0.31750   0.30866   1.08814   0.00000   0.05465   0.02524  
 51  0.7861   1760.461775  x:  0.08830   0.14795   0.06204   0.02994   0.02040   0.08983   0.07865   0.76924   2.91899   0.66797   0.04918   0.02175   0.04041   0.08508   0.15909   0.48843   0.00000   0.12907   0.49121   0.63700   0.31108   0.31411   1.07738   0.00000   0.05468   0.02527  
 52  1.0436   1760.455643  x:  0.08834   0.14796   0.06187   0.02942   0.02041   0.09017   0.07881   0.76900   2.92667   0.65181   0.04977   0.02191   0.03979   0.08421   0.17012   0.47482   0.00000   0.12947   0.49000   0.64054   0.31179   0.31375   1.07380   0.00000   0.05474   0.02536  
 53  0.2055   1760.445334  x:  0.08854   0.14793   0.06148   0.02816   0.02044   0.09107   0.08072   0.76974   2.92636   0.65867   0.04922   0.02221   0.03835   0.08414   0.16904   0.47863   0.00000   0.12907   0.49420   0.63061   0.31159   0.31249   1.09416   0.00000   0.05487   0.02540  
 54  0.1088   1760.443440  x:  0.08858   0.14793   0.06140   0.02792   0.02044   0.09126   0.08081   0.77087   2.92593   0.66135   0.04910   0.02224   0.03808   0.08414   0.16752   0.48163   0.00000   0.12935   0.49225   0.63986   0.31178   0.31258   1.09865   0.00000   0.05489   0.02536  
 55  0.2935   1760.442745  x:  0.08861   0.14797   0.06136   0.02795   0.02043   0.09144   0.07876   0.77621   2.92887   0.66065   0.04905   0.02198   0.03807   0.08408   0.16846   0.48176   0.00000   0.12922   0.49290   0.63959   0.31185   0.31238   1.10135   0.00000   0.05491   0.02526  
 56  0.0213   1760.442368  x:  0.08863   0.14797   0.06135   0.02799   0.02043   0.09155   0.08095   0.77220   2.93161   0.65975   0.04902   0.02182   0.03808   0.08407   0.16887   0.48238   0.00000   0.12917   0.49326   0.63971   0.31180   0.31216   1.10360   0.00000   0.05492   0.02520  
 57  0.0671   1760.442108  x:  0.08865   0.14802   0.06134   0.02815   0.02042   0.09174   0.08090   0.77309   2.93800   0.66004   0.04898   0.02175   0.03825   0.08407   0.16959   0.48326   0.00000   0.12913   0.49371   0.63991   0.31185   0.31194   1.10687   0.00000   0.05493   0.02521  
 58  0.0082   1760.442097  x:  0.08863   0.14801   0.06137   0.02811   0.02041   0.09168   0.08081   0.77312   2.93949   0.66018   0.04899   0.02171   0.03824   0.08409   0.16964   0.48330   0.00000   0.12914   0.49373   0.63993   0.31189   0.31196   1.10689   0.00000   0.05492   0.02521  
 59  0.0013   1760.442096  x:  0.08864   0.14801   0.06136   0.02812   0.02042   0.09168   0.08081   0.77311   2.93942   0.66019   0.04898   0.02170   0.03824   0.08409   0.16960   0.48328   0.00000   0.12914   0.49372   0.63994   0.31189   0.31197   1.10683   0.00000   0.05492   0.02521  
 60  0.0001   1760.442096  x:  0.08864   0.14801   0.06136   0.02812   0.02042   0.09168   0.08081   0.77311   2.93939   0.66019   0.04898   0.02170   0.03824   0.08409   0.16960   0.48328   0.00000   0.12914   0.49372   0.63994   0.31189   0.31197   1.10682   0.00000   0.05492   0.02521  
 61  0.0000   1760.442096  x:  0.08864   0.14801   0.06136   0.02812   0.02042   0.09168   0.08081   0.77311   2.93939   0.66019   0.04898   0.02170   0.03824   0.08409   0.16960   0.48328   0.00000   0.12914   0.49372   0.63994   0.31189   0.31197   1.10682   0.00000   0.05492   0.02521  
 62  0.0000   1760.442096  x:  0.08864   0.14801   0.06136   0.02812   0.02042   0.09168   0.08081   0.77311   2.93939   0.66019   0.04898   0.02170   0.03824   0.08409   0.16960   0.48328   0.00000   0.12914   0.49372   0.63994   0.31189   0.31197   1.10682   0.00000   0.05492   0.02521  
check convergence!
