Supplemental results for CODEML (seqf: RealPAPNumbered.txt  treef: RealPAPTree.trees)


MLEs of dN/dS (w) for site classes (K=2)

p:   0.71557  0.28443
w:   0.00711  0.29826

Naive Empirical Bayes (NEB) probabilities for 2 classes & postmean_w
(amino acids refer to 1st sequence: sequence1)

   1 S   0.08680 0.91320 ( 2)  0.273
   2 T   0.00000 1.00000 ( 2)  0.298
   3 L   0.96935 0.03065 ( 1)  0.016
   4 R   0.97379 0.02621 ( 1)  0.015
   5 F   0.95885 0.04115 ( 1)  0.019
   6 V   0.99307 0.00693 ( 1)  0.009
   7 A   0.97551 0.02449 ( 1)  0.014
   8 V   0.76328 0.23672 ( 1)  0.076
   9 G   0.95950 0.04050 ( 1)  0.019
  10 D   0.99885 0.00115 ( 1)  0.007
  11 W   0.96046 0.03954 ( 1)  0.019
  12 G   0.90886 0.09114 ( 1)  0.034
  13 G   0.99219 0.00781 ( 1)  0.009
  14 V   0.90719 0.09281 ( 1)  0.034
  15 P   0.99690 0.00310 ( 1)  0.008
  16 N   0.97379 0.02621 ( 1)  0.015
  17 A   0.99844 0.00156 ( 1)  0.008
  18 P   0.97388 0.02612 ( 1)  0.015
  19 F   0.99757 0.00243 ( 1)  0.008
  20 H   0.00011 0.99989 ( 2)  0.298
  21 T   0.91225 0.08775 ( 1)  0.033
  22 A   0.92373 0.07627 ( 1)  0.029
  23 R   0.98540 0.01460 ( 1)  0.011
  24 E   0.95311 0.04689 ( 1)  0.021
  25 M   0.00009 0.99991 ( 2)  0.298
  26 A   0.99844 0.00156 ( 1)  0.008
  27 N   0.97908 0.02092 ( 1)  0.013
  28 A   0.99501 0.00499 ( 1)  0.009
  29 K   0.98476 0.01524 ( 1)  0.012
  30 E   0.68385 0.31615 ( 1)  0.099
  31 I   0.63830 0.36170 ( 1)  0.112
  32 A   0.87653 0.12347 ( 1)  0.043
  33 R   0.45428 0.54572 ( 2)  0.166
  34 T   0.03736 0.96264 ( 2)  0.287
  35 V   0.06739 0.93261 ( 2)  0.279
  36 Q   0.02824 0.97176 ( 2)  0.290
  37 I   0.07199 0.92801 ( 2)  0.277
  38 M   0.00050 0.99950 ( 2)  0.298
  39 G   0.99168 0.00832 ( 1)  0.010
  40 A   0.00023 0.99977 ( 2)  0.298
  41 D   0.93945 0.06055 ( 1)  0.025
  42 F   0.99758 0.00242 ( 1)  0.008
  43 I   0.23450 0.76550 ( 2)  0.230
  44 M   0.01790 0.98210 ( 2)  0.293
  45 S   0.99249 0.00751 ( 1)  0.009
  46 L   0.96630 0.03370 ( 1)  0.017
  47 G   0.99190 0.00810 ( 1)  0.009
  48 D   0.99885 0.00115 ( 1)  0.007
  49 N   0.99270 0.00730 ( 1)  0.009
  50 F   0.99560 0.00440 ( 1)  0.008
  51 Y   0.99714 0.00286 ( 1)  0.008
  52 F   0.99725 0.00275 ( 1)  0.008
  53 T   0.00000 1.00000 ( 2)  0.298
  54 G   0.97271 0.02729 ( 1)  0.015
  55 V   0.99225 0.00775 ( 1)  0.009
  56 H   0.00000 1.00000 ( 2)  0.298
  57 D   0.04081 0.95919 ( 2)  0.286
  58 A   0.00019 0.99981 ( 2)  0.298
  59 N   0.00000 1.00000 ( 2)  0.298
  60 D   0.99885 0.00115 ( 1)  0.007
  61 K   0.99464 0.00536 ( 1)  0.009
  62 R   0.98952 0.01048 ( 1)  0.010
  63 F   0.99381 0.00619 ( 1)  0.009
  64 Q   0.57159 0.42841 ( 1)  0.132
  65 E   0.99550 0.00450 ( 1)  0.008
  66 T   0.99808 0.00192 ( 1)  0.008
  67 F   0.97598 0.02402 ( 1)  0.014
  68 E   0.99590 0.00410 ( 1)  0.008
  69 D   0.00002 0.99998 ( 2)  0.298
  70 V   0.99217 0.00783 ( 1)  0.009
  71 F   0.99778 0.00222 ( 1)  0.008
  72 S   0.00530 0.99470 ( 2)  0.297
  73 D   0.00549 0.99451 ( 2)  0.297
  74 R   0.00000 1.00000 ( 2)  0.298
  75 A   0.00000 1.00000 ( 2)  0.298
  76 L   0.99542 0.00458 ( 1)  0.008
  77 R   0.10936 0.89064 ( 2)  0.266
  78 N   0.00002 0.99998 ( 2)  0.298
  79 I   0.09197 0.90803 ( 2)  0.271
  80 P   0.99690 0.00310 ( 1)  0.008
  81 W   0.96046 0.03954 ( 1)  0.019
  82 Y   0.99365 0.00635 ( 1)  0.009
  83 V   0.99338 0.00662 ( 1)  0.009
  84 L   0.96600 0.03400 ( 1)  0.017
  85 A   0.95162 0.04838 ( 1)  0.021
  86 G   0.99265 0.00735 ( 1)  0.009
  87 N   0.99896 0.00104 ( 1)  0.007
  88 H   0.98594 0.01406 ( 1)  0.011
  89 D   0.99863 0.00137 ( 1)  0.008
  90 H   0.99263 0.00737 ( 1)  0.009
  91 L   0.36883 0.63117 ( 2)  0.191
  92 G   0.99749 0.00251 ( 1)  0.008
  93 N   0.99693 0.00307 ( 1)  0.008
  94 V   0.99821 0.00179 ( 1)  0.008
  95 S   0.90948 0.09052 ( 1)  0.033
  96 A   0.96076 0.03924 ( 1)  0.019
  97 Q   0.96056 0.03944 ( 1)  0.019
  98 I   0.98930 0.01070 ( 1)  0.010
  99 A   0.99764 0.00236 ( 1)  0.008
 100 Y   0.99511 0.00489 ( 1)  0.009
 101 S   0.99441 0.00559 ( 1)  0.009
 102 K   0.00000 1.00000 ( 2)  0.298
 103 I   0.00861 0.99139 ( 2)  0.296
 104 S   0.99498 0.00502 ( 1)  0.009
 105 K   0.81472 0.18528 ( 1)  0.061
 106 R   0.99523 0.00477 ( 1)  0.008
 107 W   0.96046 0.03954 ( 1)  0.019
 108 N   0.28846 0.71154 ( 2)  0.214
 109 F   0.99778 0.00222 ( 1)  0.008
 110 P   0.99477 0.00523 ( 1)  0.009
 111 S   0.99792 0.00208 ( 1)  0.008
 112 P   0.93890 0.06110 ( 1)  0.025
 113 Y   0.00289 0.99711 ( 2)  0.297
 114 Y   0.99684 0.00316 ( 1)  0.008
 115 R   0.98573 0.01427 ( 1)  0.011
 116 L   0.96631 0.03369 ( 1)  0.017
 117 R   0.00279 0.99721 ( 2)  0.297
 118 F   0.99731 0.00269 ( 1)  0.008
 119 K   0.41485 0.58515 ( 2)  0.177
 120 V   0.00015 0.99985 ( 2)  0.298
 121 P   0.91104 0.08896 ( 1)  0.033
 122 R   0.03992 0.96008 ( 2)  0.287
 123 S   0.00004 0.99996 ( 2)  0.298
 124 N   0.99851 0.00149 ( 1)  0.008
 125 I   0.00101 0.99899 ( 2)  0.298
 126 T   0.00003 0.99997 ( 2)  0.298
 127 V   0.99338 0.00662 ( 1)  0.009
 128 A   0.99844 0.00156 ( 1)  0.008
 129 I   0.99852 0.00148 ( 1)  0.008
 130 F   0.86679 0.13321 ( 1)  0.046
 131 M   0.99729 0.00271 ( 1)  0.008
 132 L   0.96889 0.03111 ( 1)  0.016
 133 D   0.99885 0.00115 ( 1)  0.007
 134 T   0.96028 0.03972 ( 1)  0.019
 135 V   0.99338 0.00662 ( 1)  0.009
 136 M   0.00185 0.99815 ( 2)  0.298
 137 L   0.96519 0.03481 ( 1)  0.017
 138 C   0.95888 0.04112 ( 1)  0.019
 139 G   0.99846 0.00154 ( 1)  0.008
 140 N   0.99880 0.00120 ( 1)  0.007
 141 S   0.95042 0.04958 ( 1)  0.022
 142 D   0.87406 0.12594 ( 1)  0.044
 143 D   0.99885 0.00115 ( 1)  0.007
 144 F   0.97913 0.02087 ( 1)  0.013
 145 V   0.00000 1.00000 ( 2)  0.298
 146 S   0.99791 0.00209 ( 1)  0.008
 147 Q   0.56826 0.43174 ( 1)  0.133
 148 Q   0.98243 0.01757 ( 1)  0.012
 149 P   0.99477 0.00523 ( 1)  0.009
 150 E   0.00000 1.00000 ( 2)  0.298
 151 M   0.00141 0.99859 ( 2)  0.298
 152 P   0.99690 0.00310 ( 1)  0.008
 153 R   0.96793 0.03207 ( 1)  0.016
 154 D   0.00026 0.99974 ( 2)  0.298
 155 L   0.00012 0.99988 ( 2)  0.298
 156 G   0.00000 1.00000 ( 2)  0.298
 157 V   0.00000 1.00000 ( 2)  0.298
 158 A   0.99840 0.00160 ( 1)  0.008
 159 R   0.99543 0.00457 ( 1)  0.008
 160 T   0.43248 0.56752 ( 2)  0.172
 161 Q   0.98057 0.01943 ( 1)  0.013
 162 L   0.43735 0.56265 ( 2)  0.171
 163 S   0.00000 1.00000 ( 2)  0.298
 164 W   0.96046 0.03954 ( 1)  0.019
 165 L   0.14579 0.85421 ( 2)  0.256
 166 K   0.98892 0.01108 ( 1)  0.010
 167 K   0.67204 0.32796 ( 1)  0.103
 168 Q   0.56157 0.43843 ( 1)  0.135
 169 L   0.96843 0.03157 ( 1)  0.016
 170 A   0.45202 0.54798 ( 2)  0.167
 171 A   0.47751 0.52249 ( 2)  0.159
 172 A   0.99844 0.00156 ( 1)  0.008
 173 K   0.83374 0.16626 ( 1)  0.056
 174 E   0.99550 0.00450 ( 1)  0.008
 175 D   0.99885 0.00115 ( 1)  0.007
 176 Y   0.99479 0.00521 ( 1)  0.009
 177 V   0.05104 0.94896 ( 2)  0.283
 178 L   0.96894 0.03106 ( 1)  0.016
 179 V   0.99338 0.00662 ( 1)  0.009
 180 A   0.99668 0.00332 ( 1)  0.008
 181 G   0.99826 0.00174 ( 1)  0.008
 182 H   0.99787 0.00213 ( 1)  0.008
 183 Y   0.99714 0.00286 ( 1)  0.008
 184 P   0.99359 0.00641 ( 1)  0.009
 185 I   0.00245 0.99755 ( 2)  0.298
 186 W   0.96046 0.03954 ( 1)  0.019
 187 S   0.99469 0.00531 ( 1)  0.009
 188 I   0.99000 0.01000 ( 1)  0.010
 189 A   0.99343 0.00657 ( 1)  0.009
 190 E   0.99550 0.00450 ( 1)  0.008
 191 H   0.78411 0.21589 ( 1)  0.070
 192 G   0.98767 0.01233 ( 1)  0.011
 193 P   0.99621 0.00379 ( 1)  0.008
 194 T   0.99808 0.00192 ( 1)  0.008
 195 R   0.00360 0.99640 ( 2)  0.297
 196 C   0.99551 0.00449 ( 1)  0.008
 197 L   0.96840 0.03160 ( 1)  0.016
 198 V   0.99821 0.00179 ( 1)  0.008
 199 K   0.01386 0.98614 ( 2)  0.294
 200 N   0.00000 1.00000 ( 2)  0.298
 201 L   0.96465 0.03535 ( 1)  0.017
 202 R   0.00000 1.00000 ( 2)  0.298
 203 P   0.88190 0.11810 ( 1)  0.041
 204 L   0.96964 0.03036 ( 1)  0.016
 205 L   0.96617 0.03383 ( 1)  0.017
 206 A   0.00000 1.00000 ( 2)  0.298
 207 A   0.00001 0.99999 ( 2)  0.298
 208 Y   0.00374 0.99626 ( 2)  0.297
 209 G   0.00000 1.00000 ( 2)  0.298
 210 V   0.99821 0.00179 ( 1)  0.008
 211 T   0.99017 0.00983 ( 1)  0.010
 212 A   0.99809 0.00191 ( 1)  0.008
 213 Y   0.99714 0.00286 ( 1)  0.008
 214 L   0.97121 0.02879 ( 1)  0.015
 215 C   0.00692 0.99308 ( 2)  0.296
 216 G   0.99476 0.00524 ( 1)  0.009
 217 H   0.98933 0.01067 ( 1)  0.010
 218 D   0.99772 0.00228 ( 1)  0.008
 219 H   0.99787 0.00213 ( 1)  0.008
 220 N   0.99840 0.00160 ( 1)  0.008
 221 L   0.95844 0.04156 ( 1)  0.019
 222 Q   0.98243 0.01757 ( 1)  0.012
 223 Y   0.99167 0.00833 ( 1)  0.010
 224 L   0.94901 0.05099 ( 1)  0.022
 225 Q   0.98036 0.01964 ( 1)  0.013
 226 D   0.97502 0.02498 ( 1)  0.014
 227 E   0.99590 0.00410 ( 1)  0.008
 228 N   0.98789 0.01211 ( 1)  0.011
 229 G   0.99443 0.00557 ( 1)  0.009
 230 V   0.00003 0.99997 ( 2)  0.298
 231 G   0.99846 0.00154 ( 1)  0.008
 232 Y   0.00131 0.99869 ( 2)  0.298
 233 V   0.01644 0.98356 ( 2)  0.293
 234 L   0.96908 0.03092 ( 1)  0.016
 235 S   0.99067 0.00933 ( 1)  0.010
 236 G   0.99317 0.00683 ( 1)  0.009
 237 A   0.98425 0.01575 ( 1)  0.012
 238 G   0.99432 0.00568 ( 1)  0.009
 239 N   0.99870 0.00130 ( 1)  0.007
 240 F   0.99778 0.00222 ( 1)  0.008
 241 M   0.99729 0.00271 ( 1)  0.008
 242 D   0.99885 0.00115 ( 1)  0.007
 243 P   0.99445 0.00555 ( 1)  0.009
 244 S   0.98282 0.01718 ( 1)  0.012
 245 V   0.00000 1.00000 ( 2)  0.298
 246 R   0.00000 1.00000 ( 2)  0.298
 247 H   0.99589 0.00411 ( 1)  0.008
 248 Q   0.00000 1.00000 ( 2)  0.298
 249 R   0.86179 0.13821 ( 1)  0.047
 250 K   0.10883 0.89117 ( 2)  0.267
 251 V   0.99645 0.00355 ( 1)  0.008
 252 P   0.99690 0.00310 ( 1)  0.008
 253 N   0.00242 0.99758 ( 2)  0.298
 254 G   0.99846 0.00154 ( 1)  0.008
 255 Y   0.99647 0.00353 ( 1)  0.008
 256 L   0.97266 0.02734 ( 1)  0.015
 257 R   0.99660 0.00340 ( 1)  0.008
 258 F   0.99355 0.00645 ( 1)  0.009
 259 H   0.99787 0.00213 ( 1)  0.008
 260 Y   0.96457 0.03543 ( 1)  0.017
 261 G   0.98600 0.01400 ( 1)  0.011
 262 S   0.00000 1.00000 ( 2)  0.298
 263 E   0.99522 0.00478 ( 1)  0.009
 264 D   0.00001 0.99999 ( 2)  0.298
 265 S   0.97255 0.02745 ( 1)  0.015
 266 L   0.96991 0.03009 ( 1)  0.016
 267 G   0.95989 0.04011 ( 1)  0.019
 268 G   0.99846 0.00154 ( 1)  0.008
 269 F   0.99352 0.00648 ( 1)  0.009
 270 T   0.00004 0.99996 ( 2)  0.298
 271 Y   0.81510 0.18490 ( 1)  0.061
 272 V   0.66749 0.33251 ( 1)  0.104
 273 E   0.99590 0.00410 ( 1)  0.008
 274 I   0.99630 0.00370 ( 1)  0.008
 275 G   0.18289 0.81711 ( 2)  0.245
 276 S   0.00412 0.99588 ( 2)  0.297
 277 K   0.94429 0.05571 ( 1)  0.023
 278 E   0.99248 0.00752 ( 1)  0.009
 279 M   0.99729 0.00271 ( 1)  0.008
 280 S   0.09121 0.90879 ( 2)  0.272
 281 I   0.00001 0.99999 ( 2)  0.298
 282 T   0.98299 0.01701 ( 1)  0.012
 283 Y   0.99069 0.00931 ( 1)  0.010
 284 V   0.00004 0.99996 ( 2)  0.298
 285 E   0.98015 0.01985 ( 1)  0.013
 286 A   0.99612 0.00388 ( 1)  0.008
 287 S   0.47146 0.52854 ( 2)  0.161
 288 G   0.99416 0.00584 ( 1)  0.009
 289 K   0.98892 0.01108 ( 1)  0.010
 290 S   0.98280 0.01720 ( 1)  0.012
 291 L   0.99683 0.00317 ( 1)  0.008
 292 F   0.99725 0.00275 ( 1)  0.008
 293 K   0.99544 0.00456 ( 1)  0.008
 294 T   0.99808 0.00192 ( 1)  0.008
 295 S   0.00000 1.00000 ( 2)  0.298
 296 L   0.98277 0.01723 ( 1)  0.012
 297 P   0.99107 0.00893 ( 1)  0.010
 298 R   0.71755 0.28245 ( 1)  0.089
 299 R   0.00009 0.99991 ( 2)  0.298
 300 P   0.00009 0.99991 ( 2)  0.298

Positively selected sites

	Prob(w>1)  mean w



lnL = -4869.169270

