

TREE # 1

  0  0.0000   6039.554458  x:  0.10490   0.07508   0.05592   0.09957   0.07873   0.02654   0.04002   0.07763   0.07613   0.06577   0.01983   0.04978   0.06859   0.10892   0.03514   0.05771   0.03890   0.07936   0.06317   0.10483   0.08800   0.09628   0.02974   0.05312   0.04536   0.03892   4.00000   0.00570   0.20000   0.54377  
  1 99.0000   5239.959677  x:  0.12807   0.09826   0.05254   0.14285   0.07134   0.02047   0.27536   0.09955   0.21201   0.15423   0.20697   0.04798   0.14662   0.13654   0.07101   0.04066   0.13147   0.09980   0.10971   0.08899   0.06320   0.06846   0.00000   0.04158   0.38087   0.26444   3.99982   0.01710   0.10417   0.51170  
  2 4364.9638   5096.732751  x:  0.13114   0.10132   0.04355   0.15179   0.07066   0.00663   0.26993   0.11307   0.23337   0.17101   0.20582   0.04096   0.16551   0.14548   0.06656   0.02529   0.13769   0.10344   0.12220   0.07954   0.05285   0.04610   0.00000   0.02385   0.37986   0.27042   3.99967   0.02649   0.00000   0.49630  
  3 1390.3805   5067.061784  x:  0.13341   0.10359   0.03634   0.15762   0.06887   0.00000   0.26534   0.12165   0.24796   0.18176   0.20654   0.03570   0.17693   0.15076   0.06303   0.01279   0.14108   0.10632   0.13023   0.07334   0.04691   0.02634   0.00000   0.01302   0.37981   0.27540   3.99944   0.03571   0.00000   0.46860  
  4 4742.9599   5050.173902  x:  0.13409   0.10428   0.02875   0.16114   0.06534   0.00000   0.26095   0.12830   0.25786   0.18883   0.20839   0.03068   0.18456   0.15381   0.05954   0.00000   0.14264   0.10802   0.13609   0.06893   0.04423   0.00608   0.00000   0.02906   0.37957   0.27907   3.99918   0.04335   0.00000   0.45622  
  5 1026.6297   5047.940085  x:  0.13387   0.10406   0.02710   0.16091   0.06340   0.00000   0.26021   0.12855   0.25806   0.18871   0.21010   0.03007   0.18422   0.15345   0.05892   0.00000   0.14225   0.10825   0.13676   0.06847   0.04526   0.00000   0.00000   0.02916   0.38007   0.27989   3.99908   0.04504   0.00000   0.45564  
  6 502.7424   5028.397723  x:  0.13656   0.10675   0.00834   0.15731   0.00000   0.00000   0.22882   0.15819   0.24160   0.18150   0.27823   0.05373   0.17202   0.14042   0.03855   0.00000   0.12969   0.10984   0.14544   0.03259   0.03346   0.00000   0.00000   0.03464   0.40056   0.30206   3.99508   0.11727   0.00000   0.43289  
  7 470.2313   5028.397723  x:  0.13656   0.10675   0.00834   0.15731   0.00000   0.00000   0.22882   0.15819   0.24160   0.18150   0.27823   0.05373   0.17202   0.14042   0.03855   0.00000   0.12969   0.10984   0.14544   0.03259   0.03346   0.00000   0.00000   0.03464   0.40056   0.30206   3.99508   0.11727   0.00000   0.43289  
  8 574.7648   4985.184723  x:  0.14142   0.11160   0.00000   0.17192   0.00263   0.00000   0.23573   0.17809   0.27918   0.20981   0.29031   0.03881   0.20158   0.15333   0.03270   0.00000   0.14537   0.11644   0.16084   0.04807   0.03460   0.00000   0.00000   0.00342   0.42221   0.32466   3.99464   0.13429   0.00000   0.38815  
  9 551.2443   4927.638263  x:  0.15305   0.12324   0.00000   0.20782   0.00439   0.00000   0.25273   0.22817   0.37592   0.28161   0.32298   0.00000   0.27586   0.18514   0.01699   0.00000   0.18293   0.13318   0.19966   0.07573   0.03362   0.00000   0.00000   0.04067   0.47989   0.38475   3.99346   0.17942   0.00000   0.26913  
 10 2192.8175   4924.571285  x:  0.15224   0.12243   0.00000   0.20774   0.00000   0.00000   0.25241   0.22964   0.38096   0.28453   0.32593   0.00598   0.27853   0.18599   0.01680   0.00000   0.18210   0.13373   0.20093   0.07052   0.03082   0.00000   0.00000   0.04072   0.48411   0.38877   3.99335   0.18204   0.00000   0.26605  
 11 328.3761   4918.586483  x:  0.14696   0.11714   0.00000   0.20350   0.00000   0.00000   0.24798   0.23288   0.39696   0.29241   0.33796   0.00000   0.28284   0.18388   0.01073   0.00000   0.17466   0.13387   0.20253   0.04543   0.02469   0.00000   0.00000   0.03900   0.50003   0.40342   3.99294   0.19115   0.00000   0.26407  
 12 391.0259   4911.579783  x:  0.13243   0.10262   0.00000   0.18688   0.00000   0.00000   0.23120   0.23811   0.42993   0.30618   0.36960   0.00377   0.28642   0.17671   0.00000   0.00000   0.15221   0.13465   0.20359   0.03060   0.05941   0.00000   0.00000   0.03929   0.53718   0.43746   3.99197   0.21456   0.00000   0.27295  
 13 279.4469   4911.579783  x:  0.13243   0.10262   0.00000   0.18688   0.00000   0.00000   0.23120   0.23811   0.42993   0.30618   0.36960   0.00377   0.28642   0.17671   0.00000   0.00000   0.15221   0.13465   0.20359   0.03060   0.05941   0.00000   0.00000   0.03929   0.53718   0.43746   3.99197   0.21456   0.00000   0.27295  
 14 1198.8099   4911.129639  x:  0.13245   0.10263   0.00000   0.18690   0.00000   0.00000   0.23116   0.23828   0.43030   0.30641   0.36985   0.00442   0.28665   0.17686   0.00015   0.00000   0.15232   0.13474   0.20373   0.03105   0.05880   0.00000   0.00000   0.03806   0.53747   0.43775   3.99197   0.21482   0.00174   0.27260  
 15 400.5720   4902.799341  x:  0.13294   0.10312   0.00000   0.18742   0.00000   0.00000   0.23035   0.24262   0.43978   0.31238   0.37604   0.02021   0.29262   0.18070   0.00386   0.00000   0.15512   0.13715   0.20744   0.04218   0.04398   0.00000   0.00000   0.00789   0.54484   0.44525   3.99183   0.22159   0.00120   0.26537  
 16 578.2291   4898.061857  x:  0.13344   0.10363   0.00000   0.18799   0.00000   0.00000   0.22763   0.25309   0.46315   0.32683   0.39072   0.02362   0.30531   0.18555   0.00000   0.00000   0.16129   0.14136   0.21422   0.05267   0.01442   0.00000   0.00000   0.01691   0.56302   0.46375   3.99153   0.23829   0.00114   0.25102  
 17 206.0523   4888.774782  x:  0.13223   0.10241   0.00000   0.18695   0.00000   0.00000   0.21746   0.28314   0.53276   0.36906   0.43424   0.00000   0.33940   0.19389   0.00000   0.00000   0.17418   0.15222   0.23265   0.06921   0.02774   0.00000   0.00000   0.01466   0.61720   0.51884   3.99081   0.28842   0.00216   0.22478  
 18 286.3903   4880.233145  x:  0.12367   0.09386   0.00000   0.17888   0.00000   0.00000   0.19912   0.31614   0.61924   0.41840   0.48810   0.01842   0.37641   0.20051   0.00000   0.00000   0.17438   0.15890   0.24796   0.03231   0.03652   0.00000   0.00000   0.01556   0.68398   0.58630   3.99072   0.35233   0.00464   0.25805  
 19 319.4780   4878.193571  x:  0.12055   0.09073   0.00000   0.17387   0.00000   0.00000   0.19364   0.32044   0.64233   0.42789   0.50169   0.00579   0.37846   0.19383   0.00000   0.00000   0.16544   0.15261   0.24280   0.04200   0.02840   0.00000   0.00000   0.01020   0.70094   0.60314   3.99211   0.37530   0.00584   0.28598  
 20 140.3863   4877.723162  x:  0.12157   0.09176   0.00000   0.17273   0.00000   0.00000   0.19379   0.31868   0.64920   0.42807   0.50550   0.01210   0.37482   0.19114   0.00000   0.00000   0.15994   0.14968   0.23739   0.05050   0.03166   0.00000   0.00000   0.01332   0.70533   0.60740   3.99364   0.38844   0.00600   0.28983  
 21 72.6097   4876.083422  x:  0.12996   0.10014   0.00000   0.17121   0.00000   0.00000   0.20014   0.30350   0.67328   0.42072   0.51726   0.01648   0.34832   0.17698   0.00000   0.00000   0.14096   0.13972   0.20869   0.04573   0.03002   0.00000   0.00000   0.00968   0.71846   0.61970   4.00268   0.45525   0.00604   0.28050  
 22 84.9912   4874.511914  x:  0.11560   0.08579   0.00000   0.16729   0.00000   0.00000   0.19813   0.27657   0.69359   0.40353   0.52037   0.02060   0.31471   0.17471   0.00000   0.00000   0.16252   0.14782   0.19971   0.04826   0.02927   0.00000   0.00000   0.00782   0.72319   0.62108   4.01788   0.55178   0.00663   0.28303  
 23 67.3910   4873.045824  x:  0.12809   0.09828   0.00000   0.17071   0.00000   0.00000   0.18663   0.25465   0.70417   0.38763   0.50911   0.01834   0.30621   0.18816   0.00000   0.00000   0.16543   0.13580   0.22722   0.04872   0.02858   0.00000   0.00000   0.00709   0.71359   0.60729   4.04020   0.67595   0.00794   0.29561  
 24 62.9440   4871.510220  x:  0.11275   0.08294   0.00000   0.16752   0.00000   0.00000   0.19135   0.25236   0.70377   0.38418   0.48468   0.01395   0.32991   0.18681   0.00000   0.00000   0.14079   0.13813   0.23062   0.04648   0.02824   0.00000   0.00000   0.00813   0.69106   0.58017   4.07032   0.82225   0.00892   0.30087  
 25 67.7311   4870.907409  x:  0.11975   0.08994   0.00000   0.16384   0.00000   0.00000   0.19033   0.26102   0.69788   0.38992   0.47419   0.01271   0.34030   0.17589   0.00000   0.00000   0.14955   0.14735   0.21732   0.04557   0.02891   0.00000   0.00000   0.00907   0.67890   0.56866   4.08565   0.88498   0.00968   0.30998  
 26 63.5256   4870.751925  x:  0.11745   0.08764   0.00000   0.16508   0.00000   0.00000   0.18477   0.26946   0.68915   0.39648   0.47515   0.01267   0.33608   0.17626   0.00000   0.00000   0.15454   0.13589   0.21198   0.04437   0.02947   0.00000   0.00000   0.00954   0.67491   0.56909   4.09374   0.90180   0.00975   0.31000  
 27 17.0362   4870.663963  x:  0.11746   0.08765   0.00000   0.16317   0.00000   0.00000   0.18389   0.27624   0.67649   0.40158   0.48096   0.01140   0.32719   0.18128   0.00000   0.00000   0.15124   0.13971   0.21253   0.04418   0.02932   0.00000   0.00000   0.00990   0.67293   0.57433   4.10384   0.91180   0.00988   0.31154  
 28 11.1570   4870.617991  x:  0.11705   0.08724   0.00000   0.16296   0.00000   0.00000   0.18620   0.27709   0.66556   0.40111   0.48670   0.01179   0.32778   0.17556   0.00000   0.00000   0.15157   0.13938   0.21676   0.04414   0.02926   0.00000   0.00000   0.00998   0.67388   0.58072   4.11521   0.91650   0.00993   0.31183  
 29  7.5548   4870.578489  x:  0.11693   0.08712   0.00000   0.16361   0.00000   0.00000   0.18236   0.27603   0.65615   0.39789   0.49038   0.01172   0.33371   0.17743   0.00000   0.00000   0.15151   0.14012   0.21402   0.04441   0.02917   0.00000   0.00000   0.00973   0.67686   0.58626   4.13148   0.91910   0.00993   0.31156  
 30  7.3802   4870.536585  x:  0.11728   0.08747   0.00000   0.16083   0.00000   0.00000   0.18780   0.27972   0.65444   0.39612   0.48901   0.01174   0.33585   0.18129   0.00000   0.00000   0.15340   0.13819   0.21305   0.04467   0.02916   0.00000   0.00000   0.00948   0.68185   0.58728   4.15897   0.91883   0.00995   0.31212  
 31  5.7529   4870.399618  x:  0.11686   0.08705   0.00000   0.16662   0.00000   0.00000   0.18517   0.29196   0.65922   0.39368   0.48173   0.01279   0.33339   0.17826   0.00000   0.00000   0.15203   0.14088   0.21604   0.04524   0.02892   0.00000   0.00000   0.00910   0.69599   0.58477   4.25819   0.91372   0.00982   0.31129  
 32 18.8670   4870.326720  x:  0.11700   0.08719   0.00000   0.15889   0.00000   0.00000   0.18123   0.28878   0.66614   0.39450   0.48455   0.01261   0.33299   0.17658   0.00000   0.00000   0.15144   0.14046   0.21711   0.04465   0.02898   0.00000   0.00000   0.00942   0.69591   0.58342   4.31171   0.90909   0.00963   0.30971  
 33 19.2968   4870.239617  x:  0.11714   0.08733   0.00000   0.16413   0.00000   0.00000   0.18456   0.27960   0.67724   0.39853   0.49320   0.01134   0.33382   0.17854   0.00000   0.00000   0.15239   0.14039   0.21532   0.04400   0.02929   0.00000   0.00000   0.01006   0.68929   0.58364   4.37752   0.90302   0.00964   0.31143  
 34 26.3219   4870.220603  x:  0.11706   0.08725   0.00000   0.16393   0.00000   0.00000   0.18447   0.27834   0.67963   0.40539   0.49172   0.01206   0.33485   0.17840   0.00000   0.00000   0.15233   0.14067   0.21587   0.04451   0.02910   0.00000   0.00000   0.00960   0.68166   0.58706   4.38923   0.90221   0.00958   0.31060  
 35  2.9879   4869.757047  x:  0.11677   0.08697   0.00000   0.16432   0.00000   0.00000   0.18509   0.26150   0.69818   0.42407   0.47028   0.00882   0.33548   0.17974   0.00000   0.00000   0.15298   0.14133   0.21652   0.04340   0.02798   0.00000   0.00000   0.01086   0.70645   0.61842   4.38661   0.90991   0.00850   0.30662  
 36  0.1100   4869.201053  x:  0.11591   0.08612   0.00000   0.16381   0.00000   0.00000   0.18284   0.27684   0.72530   0.43142   0.50579   0.00782   0.34456   0.18042   0.00000   0.00000   0.15376   0.14312   0.21968   0.04469   0.02566   0.00000   0.00000   0.01016   0.71679   0.60662   4.38016   0.92144   0.00715   0.29860  
 37  6.4522   4869.189492  x:  0.11582   0.08604   0.00000   0.16363   0.00000   0.00000   0.18245   0.28151   0.72854   0.42446   0.50564   0.00764   0.34458   0.18048   0.00000   0.00000   0.15382   0.14312   0.21963   0.04460   0.02566   0.00000   0.00000   0.01025   0.71209   0.61168   4.37996   0.92146   0.00712   0.29859  
 38  1.9631   4869.169539  x:  0.11652   0.08674   0.00000   0.16394   0.00000   0.00000   0.18348   0.28346   0.72550   0.42304   0.50747   0.00770   0.34379   0.18018   0.00000   0.00000   0.15362   0.14310   0.21872   0.04505   0.02732   0.00000   0.00000   0.01033   0.70723   0.60699   4.37251   0.92309   0.00713   0.29862  
 39  0.0106   4869.169278  x:  0.11649   0.08671   0.00000   0.16394   0.00000   0.00000   0.18346   0.28344   0.72476   0.42313   0.50740   0.00751   0.34375   0.18022   0.00000   0.00000   0.15363   0.14314   0.21873   0.04499   0.02732   0.00000   0.00000   0.01031   0.70690   0.60683   4.37173   0.92259   0.00711   0.29830  
 40  0.0014   4869.169270  x:  0.11649   0.08670   0.00000   0.16395   0.00000   0.00000   0.18345   0.28344   0.72460   0.42309   0.50737   0.00753   0.34374   0.18024   0.00000   0.00000   0.15367   0.14315   0.21876   0.04501   0.02732   0.00000   0.00000   0.01031   0.70689   0.60687   4.37150   0.92257   0.00711   0.29826  
 41  0.0003   4869.169270  x:  0.11649   0.08670   0.00000   0.16395   0.00000   0.00000   0.18345   0.28344   0.72460   0.42309   0.50737   0.00753   0.34374   0.18024   0.00000   0.00000   0.15367   0.14315   0.21876   0.04501   0.02732   0.00000   0.00000   0.01031   0.70690   0.60689   4.37153   0.92260   0.00711   0.29826  
 42  0.0000   4869.169270  x:  0.11649   0.08670   0.00000   0.16395   0.00000   0.00000   0.18345   0.28344   0.72460   0.42309   0.50737   0.00753   0.34374   0.18024   0.00000   0.00000   0.15367   0.14315   0.21876   0.04501   0.02732   0.00000   0.00000   0.01031   0.70691   0.60689   4.37154   0.92259   0.00711   0.29826  
 43  0.0000   4869.169270  x:  0.11649   0.08670   0.00000   0.16395   0.00000   0.00000   0.18345   0.28344   0.72460   0.42309   0.50737   0.00753   0.34374   0.18024   0.00000   0.00000   0.15367   0.14315   0.21876   0.04501   0.02732   0.00000   0.00000   0.01031   0.70691   0.60689   4.37154   0.92259   0.00711   0.29826  