Supplemental results for CODEML (seqf: 2ppn.txt  treef: 2ppnTree.trees)


MLEs of dN/dS (w) for site classes (K=2)

p:   0.67115  0.32885
w:   0.00295  0.08625

Naive Empirical Bayes (NEB) probabilities for 2 classes & postmean_w
(amino acids refer to 1st sequence: Human)

   1 M   0.97192 0.02808 ( 1)  0.005
   2 G   0.90689 0.09311 ( 1)  0.011
   3 V   0.93171 0.06829 ( 1)  0.009
   4 Q   0.00002 0.99998 ( 2)  0.086
   5 V   0.00040 0.99960 ( 2)  0.086
   6 E   0.94748 0.05252 ( 1)  0.007
   7 T   0.90872 0.09128 ( 1)  0.011
   8 I   0.94127 0.05873 ( 1)  0.008
   9 S   0.15848 0.84152 ( 2)  0.073
  10 P   0.18445 0.81555 ( 2)  0.071
  11 G   0.89655 0.10345 ( 1)  0.012
  12 D   0.95438 0.04562 ( 1)  0.007
  13 G   0.25102 0.74898 ( 2)  0.065
  14 R   0.91500 0.08500 ( 1)  0.010
  15 T   0.90353 0.09647 ( 1)  0.011
  16 F   0.87894 0.12106 ( 1)  0.013
  17 P   0.86750 0.13250 ( 1)  0.014
  18 K   0.95214 0.04786 ( 1)  0.007
  19 R   0.27504 0.72496 ( 2)  0.063
  20 G   0.93406 0.06594 ( 1)  0.008
  21 Q   0.90296 0.09704 ( 1)  0.011
  22 T   0.01134 0.98866 ( 2)  0.085
  23 C   0.84933 0.15067 ( 1)  0.015
  24 V   0.91704 0.08296 ( 1)  0.010
  25 V   0.92927 0.07073 ( 1)  0.009
  26 H   0.90293 0.09707 ( 1)  0.011
  27 Y   0.90592 0.09408 ( 1)  0.011
  28 T   0.23552 0.76448 ( 2)  0.067
  29 G   0.92137 0.07863 ( 1)  0.009
  30 M   0.97192 0.02808 ( 1)  0.005
  31 L   0.86056 0.13944 ( 1)  0.015
  32 E   0.25280 0.74720 ( 2)  0.065
  33 D   0.31807 0.68193 ( 2)  0.060
  34 G   0.92256 0.07744 ( 1)  0.009
  35 K   0.40519 0.59481 ( 2)  0.052
  36 K   0.94426 0.05574 ( 1)  0.008
  37 F   0.87271 0.12729 ( 1)  0.014
  38 D   0.95205 0.04795 ( 1)  0.007
  39 S   0.84707 0.15293 ( 1)  0.016
  40 S   0.86373 0.13627 ( 1)  0.014
  41 R   0.86687 0.13313 ( 1)  0.014
  42 D   0.96352 0.03648 ( 1)  0.006
  43 R   0.89991 0.10009 ( 1)  0.011
  44 N   0.95989 0.04011 ( 1)  0.006
  45 K   0.94877 0.05123 ( 1)  0.007
  46 P   0.86617 0.13383 ( 1)  0.014
  47 F   0.89746 0.10254 ( 1)  0.011
  48 K   0.95353 0.04647 ( 1)  0.007
  49 F   0.89776 0.10224 ( 1)  0.011
  50 M   0.00000 1.00000 ( 2)  0.086
  51 L   0.00816 0.99184 ( 2)  0.086
  52 G   0.92765 0.07235 ( 1)  0.009
  53 K   0.07929 0.92071 ( 2)  0.080
  54 Q   0.00769 0.99231 ( 2)  0.086
  55 E   0.94671 0.05329 ( 1)  0.007
  56 V   0.93334 0.06666 ( 1)  0.008
  57 I   0.94599 0.05401 ( 1)  0.007
  58 R   0.27618 0.72382 ( 2)  0.063
  59 G   0.93167 0.06833 ( 1)  0.009
  60 W   0.00701 0.99299 ( 2)  0.086
  61 E   0.94760 0.05240 ( 1)  0.007
  62 E   0.94047 0.05953 ( 1)  0.008
  63 G   0.90832 0.09168 ( 1)  0.011
  64 V   0.01078 0.98922 ( 2)  0.085
  65 A   0.25377 0.74623 ( 2)  0.065
  66 Q   0.90442 0.09558 ( 1)  0.011
  67 M   0.97192 0.02808 ( 1)  0.005
  68 S   0.93302 0.06698 ( 1)  0.009
  69 V   0.00827 0.99173 ( 2)  0.086
  70 G   0.92073 0.07927 ( 1)  0.010
  71 Q   0.90461 0.09539 ( 1)  0.011
  72 R   0.91428 0.08572 ( 1)  0.010
  73 A   0.92668 0.07332 ( 1)  0.009
  74 K   0.95012 0.04988 ( 1)  0.007
  75 L   0.00979 0.99021 ( 2)  0.085
  76 T   0.28085 0.71915 ( 2)  0.063
  77 I   0.00927 0.99073 ( 2)  0.085
  78 S   0.00956 0.99044 ( 2)  0.085
  79 P   0.16503 0.83497 ( 2)  0.073
  80 D   0.94362 0.05638 ( 1)  0.008
  81 Y   0.00033 0.99967 ( 2)  0.086
  82 A   0.92753 0.07247 ( 1)  0.009
  83 Y   0.85900 0.14100 ( 1)  0.015
  84 G   0.89806 0.10194 ( 1)  0.011
  85 A   0.00051 0.99949 ( 2)  0.086
  86 T   0.88843 0.11157 ( 1)  0.012
  87 G   0.93070 0.06930 ( 1)  0.009
  88 H   0.93032 0.06968 ( 1)  0.009
  89 P   0.87483 0.12517 ( 1)  0.013
  90 G   0.91332 0.08668 ( 1)  0.010
  91 I   0.33870 0.66130 ( 2)  0.058
  92 I   0.94604 0.05396 ( 1)  0.007
  93 P   0.84047 0.15953 ( 1)  0.016
  94 P   0.19473 0.80527 ( 2)  0.070
  95 H   0.35521 0.64479 ( 2)  0.057
  96 A   0.93534 0.06466 ( 1)  0.008
  97 T   0.90430 0.09570 ( 1)  0.011
  98 L   0.88878 0.11122 ( 1)  0.012
  99 V   0.34897 0.65103 ( 2)  0.057
 100 F   0.88816 0.11184 ( 1)  0.012
 101 D   0.95214 0.04786 ( 1)  0.007
 102 V   0.92509 0.07491 ( 1)  0.009
 103 E   0.95332 0.04668 ( 1)  0.007
 104 L   0.86125 0.13875 ( 1)  0.015
 105 L   0.00702 0.99298 ( 2)  0.086
 106 K   0.01524 0.98476 ( 2)  0.085
 107 L   0.15788 0.84212 ( 2)  0.073
 108 E   0.95137 0.04863 ( 1)  0.007

Positively selected sites

	Prob(w>1)  mean w



lnL = -1739.997462

