

TREE # 1

  0  0.0000   2197.303191  x:  0.07985   0.06457   0.10609   0.09628   0.02041   0.03509   0.09107   0.04992   0.01279   0.01666   0.06069   0.09003   0.05640   0.04465   0.06131   0.02018   0.09847   0.05777   0.08972   0.10697   0.04848   0.10808   0.10853   0.05781   0.06457   4.00000   0.30465   0.20000   0.65675  
  1 99.0000   1834.455989  x:  0.08366   0.14818   0.07525   0.04532   0.03459   0.05498   0.26338   0.39084   1.88089   1.00533   0.06967   0.02799   0.03175   0.09903   0.28419   0.41949   0.11016   0.13430   0.29157   0.27736   0.24155   0.20536   0.33379   0.05134   0.04862   3.99179   0.33571   0.00000   0.55886  
  2 2687.0769   1815.333716  x:  0.08377   0.15031   0.07445   0.04398   0.03491   0.05551   0.26774   0.39947   1.92811   1.03030   0.06985   0.02642   0.03116   0.10039   0.28980   0.42959   0.11043   0.13624   0.29674   0.28175   0.24644   0.20784   0.33952   0.05113   0.04825   3.99157   0.33652   0.01544   0.55607  
  3 20870.5596   1783.647144  x:  0.16144   0.20749   0.08702   0.00119   0.00000   0.15746   0.29605   0.44346   1.89611   0.98553   0.04054   0.07953   0.16574   0.09926   0.26103   0.45211   0.11087   0.18791   0.44942   0.46273   0.29136   0.27848   0.44479   0.00396   0.15492   3.96531   0.47775   0.01485   0.16070  
  4 141.2322   1782.827713  x:  0.16380   0.20923   0.08740   0.00044   0.00115   0.16056   0.29692   0.44482   1.89512   0.98414   0.03963   0.08111   0.16982   0.09922   0.26014   0.45280   0.11087   0.18949   0.45412   0.46830   0.29274   0.28065   0.44804   0.00247   0.15816   3.96450   0.48211   0.01483   0.14849  
  5 8055.8047   1780.947724  x:  0.16734   0.21191   0.08801   0.00367   0.00175   0.16526   0.29826   0.44695   1.89364   0.98200   0.03819   0.08332   0.17592   0.09915   0.25874   0.45389   0.11081   0.19191   0.46142   0.47698   0.29487   0.28400   0.45314   0.00000   0.16299   3.96321   0.48890   0.01481   0.12934  
  6 4847.3940   1776.345881  x:  0.15754   0.20838   0.08235   0.00305   0.00141   0.15810   0.30009   0.45363   1.88927   0.97356   0.03106   0.05733   0.15776   0.09722   0.25293   0.45660   0.10380   0.19282   0.47746   0.49870   0.29788   0.28819   0.47081   0.00000   0.14801   3.95742   0.50745   0.01446   0.07013  
  7 150.7663   1769.454280  x:  0.14203   0.20489   0.07211   0.00322   0.00150   0.15286   0.30995   0.48106   1.87167   0.94361   0.01860   0.00000   0.12505   0.10171   0.23507   0.46979   0.08423   0.20454   0.54752   0.59017   0.31461   0.31173   0.54027   0.00000   0.12135   3.93551   0.57133   0.01473   0.07909  
  8 82.4685   1761.256923  x:  0.09736   0.18670   0.05726   0.00351   0.00175   0.12105   0.32255   0.52574   1.84825   0.89562   0.02181   0.02193   0.04361   0.12584   0.20547   0.49103   0.04323   0.21486   0.65192   0.73076   0.33731   0.34257   0.65428   0.00000   0.04890   3.89783   0.67347   0.01517   0.08616  
  9 260.8857   1760.088864  x:  0.09040   0.17287   0.08343   0.00323   0.00176   0.09790   0.31897   0.53512   1.84999   0.88398   0.01395   0.02547   0.02917   0.11826   0.19743   0.49473   0.01936   0.20438   0.66202   0.75170   0.33589   0.33953   0.68072   0.00000   0.06156   3.88578   0.69687   0.01522   0.08804  
 10 57.3431   1759.324520  x:  0.08849   0.16310   0.08315   0.00331   0.00181   0.08563   0.31404   0.54016   1.85337   0.87656   0.01385   0.02568   0.03861   0.11525   0.19211   0.49626   0.00000   0.19299   0.66194   0.75893   0.33264   0.33421   0.69614   0.00000   0.06065   3.87719   0.71022   0.01522   0.08916  
 11 58.0701   1757.645800  x:  0.11104   0.12671   0.06205   0.00382   0.00183   0.08490   0.27594   0.56451   1.87842   0.83282   0.03580   0.02477   0.03108   0.10733   0.16140   0.50083   0.00000   0.11549   0.63996   0.77877   0.31029   0.30088   0.77632   0.00000   0.07775   3.82485   0.78301   0.01525   0.09371  
 12 55.8466   1756.238989  x:  0.10732   0.13419   0.07443   0.00361   0.00179   0.10734   0.23604   0.58536   1.90453   0.79031   0.04289   0.02532   0.03472   0.08840   0.13279   0.50168   0.00000   0.04711   0.61103   0.78644   0.29201   0.27480   0.84619   0.00000   0.06295   3.77297   0.84964   0.01531   0.09887  
 13 82.0139   1755.419361  x:  0.09329   0.16878   0.06346   0.00358   0.00177   0.09551   0.19700   0.59967   1.92850   0.75130   0.05541   0.02458   0.03347   0.08248   0.11049   0.49629   0.00000   0.03631   0.57946   0.77664   0.28441   0.26860   0.89498   0.00000   0.07529   3.72419   0.90384   0.01538   0.10256  
 14 40.6099   1753.206932  x:  0.11691   0.18378   0.07396   0.00334   0.00172   0.08486   0.07384   0.64114   2.00768   0.62903   0.08164   0.02071   0.03387   0.06669   0.04932   0.47033   0.00000   0.09736   0.47457   0.72004   0.27344   0.27385   1.02753   0.00000   0.05755   3.56566   1.06551   0.01567   0.11182  
 15 60.1811   1752.422205  x:  0.09630   0.16884   0.06315   0.00361   0.00175   0.09918   0.03869   0.66103   2.03637   0.58309   0.06778   0.02516   0.03432   0.05610   0.03686   0.45750   0.00000   0.11854   0.43693   0.69164   0.27534   0.28411   1.07091   0.00000   0.06411   3.50138   1.12565   0.01576   0.11645  
 16 69.1506   1752.027073  x:  0.08376   0.16075   0.06822   0.00359   0.00176   0.10494   0.03237   0.67769   2.05022   0.55559   0.06868   0.02150   0.03798   0.07782   0.04258   0.44718   0.00000   0.12062   0.41729   0.66848   0.27957   0.29453   1.09014   0.00000   0.06775   3.45743   1.16243   0.01586   0.11746  
 17 40.3018   1751.089305  x:  0.09809   0.16468   0.06311   0.00366   0.00176   0.09601   0.04389   0.72517   2.07824   0.49037   0.03502   0.02418   0.03578   0.09895   0.08311   0.41869   0.00000   0.10927   0.38131   0.60266   0.29182   0.32436   1.12309   0.00000   0.06204   3.33830   1.25394   0.01608   0.12272  
 18 45.4149   1750.185920  x:  0.09075   0.16019   0.06435   0.00372   0.00179   0.09535   0.05970   0.76208   2.10234   0.43215   0.07427   0.02097   0.03621   0.06204   0.16230   0.39209   0.00000   0.11181   0.39526   0.52743   0.27847   0.33201   1.12793   0.00000   0.05926   3.17930   1.35693   0.01635   0.12690  
 19 24.6500   1749.442036  x:  0.08874   0.16221   0.06090   0.00383   0.00180   0.09801   0.02622   0.74674   2.12975   0.40056   0.05237   0.02161   0.03468   0.08268   0.21988   0.36358   0.00000   0.12072   0.44562   0.49099   0.24779   0.28283   1.09320   0.00000   0.05688   3.00378   1.44382   0.01645   0.13181  
 20 17.1992   1748.828608  x:  0.08929   0.15683   0.06039   0.00392   0.00183   0.09354   0.00000   0.71604   2.14586   0.39248   0.05422   0.02107   0.03438   0.08133   0.23000   0.34727   0.00000   0.10311   0.45714   0.50064   0.27734   0.29025   1.03707   0.00000   0.05434   2.85901   1.49547   0.01647   0.13489  
 21 15.3580   1748.828608  x:  0.08929   0.15683   0.06039   0.00392   0.00183   0.09354   0.00000   0.71604   2.14586   0.39248   0.05422   0.02107   0.03438   0.08133   0.23000   0.34727   0.00000   0.10311   0.45714   0.50064   0.27734   0.29025   1.03707   0.00000   0.05434   2.85901   1.49547   0.01647   0.13489  
 22 41.2379   1744.066673  x:  0.08935   0.15684   0.06077   0.01076   0.01185   0.09352   0.00015   0.71608   2.14589   0.39254   0.05416   0.02121   0.03456   0.08128   0.22999   0.34729   0.00000   0.10317   0.45714   0.50070   0.27734   0.29030   1.03701   0.00013   0.05445   2.85897   1.49549   0.00767   0.13488  
 23 749.9859   1743.721636  x:  0.08934   0.15675   0.06100   0.01370   0.01351   0.09346   0.00029   0.71613   2.14594   0.39263   0.05408   0.02135   0.03475   0.08122   0.23000   0.34733   0.00000   0.10323   0.45715   0.50079   0.27734   0.29035   1.03695   0.00019   0.05448   2.85891   1.49542   0.01017   0.13461  
 24 187.2129   1743.498380  x:  0.08912   0.15609   0.06171   0.01988   0.00951   0.09308   0.00110   0.71642   2.14625   0.39309   0.05365   0.02203   0.03573   0.08088   0.23005   0.34756   0.00000   0.10358   0.45722   0.50125   0.27736   0.29064   1.03664   0.00057   0.05455   2.85857   1.49513   0.00947   0.13352  
 25 66.2544   1743.353256  x:  0.08835   0.14962   0.06251   0.01919   0.00993   0.08964   0.00864   0.71916   2.14925   0.39756   0.05010   0.02476   0.04145   0.07813   0.23053   0.34972   0.00000   0.10686   0.45783   0.50566   0.27756   0.29338   1.03371   0.00352   0.05588   2.85531   1.49215   0.00932   0.12472  
 26 16.3039   1743.211361  x:  0.08748   0.14185   0.06264   0.01950   0.00988   0.08442   0.02007   0.72316   2.15421   0.40491   0.04788   0.01900   0.03832   0.07701   0.23132   0.35332   0.00000   0.11157   0.45881   0.51273   0.27786   0.29758   1.02910   0.00485   0.05596   2.84990   1.48683   0.00919   0.12095  
 27 26.3510   1743.028207  x:  0.08703   0.13322   0.06164   0.01966   0.01001   0.07884   0.03923   0.72962   2.16351   0.41842   0.04896   0.02466   0.03404   0.07956   0.23265   0.35993   0.00000   0.11884   0.46038   0.52536   0.27824   0.30457   1.02072   0.00590   0.05487   2.83979   1.47644   0.00928   0.12528  
 28 37.1473   1742.870183  x:  0.08865   0.13660   0.06092   0.01972   0.01000   0.08389   0.05701   0.73472   2.17484   0.43388   0.05144   0.02110   0.04077   0.08392   0.23341   0.36723   0.00000   0.12372   0.46128   0.53910   0.27792   0.31066   1.01044   0.00798   0.05532   2.82756   1.46353   0.00935   0.12916  
 29 26.5251   1742.661378  x:  0.08971   0.14772   0.06184   0.01957   0.00998   0.08900   0.07194   0.73768   2.18810   0.45064   0.05055   0.02210   0.03921   0.08535   0.23320   0.37472   0.00000   0.12538   0.46118   0.55313   0.27675   0.31513   0.99822   0.00000   0.05550   2.81341   1.44833   0.00913   0.12386  
 30 32.5037   1742.577207  x:  0.08896   0.14831   0.06161   0.01965   0.00995   0.09717   0.07559   0.73599   2.19866   0.46145   0.04541   0.02342   0.03564   0.08215   0.23117   0.37872   0.00000   0.12146   0.45963   0.56044   0.27539   0.31439   0.98896   0.00151   0.05601   2.80291   1.43577   0.00905   0.12345  
 31 18.1994   1742.524142  x:  0.08848   0.14718   0.06148   0.01968   0.00998   0.09803   0.07562   0.73462   2.20289   0.46527   0.04457   0.02331   0.03619   0.08191   0.23001   0.37995   0.00000   0.11925   0.45884   0.56264   0.27484   0.31348   0.98533   0.00000   0.05580   2.79882   1.43065   0.00902   0.12370  
 32 29.4842   1742.311454  x:  0.09059   0.13666   0.06205   0.01992   0.00999   0.10478   0.07241   0.72142   2.23960   0.49576   0.04957   0.02345   0.03491   0.09012   0.21814   0.38871   0.00000   0.10239   0.45270   0.57824   0.27141   0.30514   0.95405   0.00000   0.06010   2.76389   1.38638   0.00857   0.11652  
 33 67.0787   1742.009973  x:  0.09903   0.14676   0.06338   0.01984   0.00997   0.08579   0.05995   0.70421   2.28173   0.52156   0.05180   0.02389   0.03258   0.09339   0.19930   0.39235   0.00000   0.09936   0.45102   0.58501   0.27381   0.29898   0.91997   0.00000   0.05678   2.72523   1.33494   0.00818   0.11151  
 34 25.2478   1741.733137  x:  0.08896   0.14857   0.06231   0.02007   0.01006   0.08349   0.04366   0.68490   2.34103   0.54729   0.05197   0.02397   0.03251   0.09246   0.16835   0.39068   0.00000   0.11842   0.45632   0.58271   0.28363   0.29964   0.87491   0.00000   0.06968   2.67226   1.26202   0.00773   0.11039  
 35 27.2488   1741.463480  x:  0.09057   0.14346   0.06331   0.02011   0.01035   0.09170   0.03036   0.66929   2.40186   0.56936   0.05273   0.02408   0.03308   0.09186   0.13569   0.38634   0.00000   0.13895   0.46220   0.57543   0.29323   0.30193   0.83048   0.00000   0.05747   2.61878   1.18723   0.00719   0.10506  
 36 67.2231   1741.343867  x:  0.10300   0.14123   0.06305   0.02040   0.01019   0.09285   0.03376   0.67203   2.43644   0.57445   0.04864   0.02408   0.03399   0.08894   0.11830   0.37990   0.00000   0.13845   0.46175   0.56280   0.29209   0.30166   0.81059   0.00000   0.06221   2.59049   1.14458   0.00694   0.10625  
 37 19.6761   1741.036597  x:  0.09430   0.14556   0.05983   0.02067   0.01042   0.09210   0.05294   0.69546   2.51798   0.57066   0.04919   0.02428   0.03374   0.09188   0.07946   0.35639   0.00000   0.12683   0.45794   0.51600   0.28181   0.30191   0.77466   0.00000   0.05980   2.52813   1.04378   0.00630   0.10118  
 38 30.9216   1741.016869  x:  0.09353   0.14564   0.06500   0.02025   0.01055   0.09205   0.05296   0.69750   2.52439   0.56992   0.04953   0.02425   0.03374   0.09164   0.07947   0.35518   0.00000   0.12604   0.45801   0.51349   0.28084   0.30289   0.77420   0.00000   0.05989   2.52378   1.03581   0.00627   0.10153  
 39 10.9298   1740.776171  x:  0.09404   0.14518   0.06289   0.02084   0.01084   0.09171   0.02411   0.72835   2.62294   0.55360   0.05814   0.02421   0.03397   0.08175   0.13180   0.34960   0.00000   0.11845   0.46577   0.50083   0.26529   0.33212   0.80633   0.00000   0.06013   2.46608   0.91347   0.00527   0.09474  
 40  7.7863   1740.647833  x:  0.09395   0.14545   0.06303   0.02105   0.01106   0.09213   0.01122   0.74991   2.68129   0.53380   0.04090   0.02444   0.03404   0.10047   0.15442   0.34449   0.00000   0.12254   0.46802   0.51214   0.26997   0.32034   0.83276   0.00000   0.05992   2.43971   0.84369   0.00469   0.09095  
 41 10.2926   1740.577917  x:  0.09344   0.14620   0.06305   0.02118   0.01120   0.09273   0.00935   0.76355   2.71792   0.51674   0.05136   0.02432   0.03432   0.08853   0.15681   0.34642   0.00000   0.12448   0.46535   0.52948   0.28054   0.30156   0.84933   0.00000   0.05950   2.43305   0.80403   0.00436   0.08913  
 42  6.0186   1740.528712  x:  0.09309   0.14672   0.06305   0.02129   0.01134   0.09274   0.00740   0.76386   2.75433   0.50354   0.05059   0.02429   0.03449   0.08887   0.13819   0.35684   0.00000   0.11733   0.45808   0.54745   0.28528   0.31760   0.86262   0.00000   0.05945   2.45359   0.77624   0.00412   0.08809  
 43  2.1416   1740.475662  x:  0.09283   0.14742   0.06305   0.02144   0.01152   0.09305   0.00811   0.75976   2.79980   0.50664   0.05002   0.02420   0.03474   0.08883   0.12481   0.37226   0.00000   0.12414   0.45681   0.55401   0.26449   0.31579   0.87446   0.00000   0.05903   2.49063   0.74850   0.00385   0.08718  
 44  3.2820   1740.369228  x:  0.09163   0.14973   0.06291   0.02180   0.01199   0.09422   0.01794   0.75200   2.90389   0.54764   0.04682   0.02389   0.03563   0.08984   0.12096   0.39861   0.00000   0.11955   0.45977   0.53865   0.28188   0.30797   0.89172   0.00000   0.05793   2.58141   0.69614   0.00327   0.08494  
 45  4.5299   1740.329329  x:  0.09103   0.15030   0.06278   0.02196   0.01220   0.09429   0.01491   0.75788   2.94272   0.56811   0.04793   0.02369   0.03598   0.08779   0.11698   0.36978   0.00000   0.11175   0.47775   0.55266   0.28041   0.30888   0.88889   0.00000   0.05749   2.60508   0.69206   0.00316   0.08504  
 46  1.5241   1740.293725  x:  0.09038   0.15052   0.06257   0.02216   0.01247   0.09428   0.00462   0.77109   2.97611   0.58766   0.04800   0.02346   0.03630   0.08676   0.11508   0.35404   0.00000   0.11738   0.45136   0.55968   0.27860   0.31133   0.88264   0.00000   0.05684   2.60040   0.70707   0.00314   0.08609  
 47  0.9965   1740.258416  x:  0.08999   0.15044   0.06245   0.02230   0.01266   0.09408   0.00000   0.77760   2.99367   0.59271   0.04704   0.02333   0.03648   0.08715   0.11016   0.36123   0.00000   0.11536   0.45413   0.56050   0.27796   0.31092   0.87965   0.00000   0.05653   2.58603   0.72163   0.00316   0.08661  
 48  1.2790   1740.214446  x:  0.08887   0.15050   0.06208   0.02269   0.01323   0.09372   0.02793   0.72938   3.02423   0.58292   0.04573   0.02306   0.03705   0.08714   0.11841   0.35731   0.00000   0.11160   0.45200   0.56321   0.27512   0.31055   0.87430   0.00000   0.05577   2.54333   0.74239   0.00327   0.08770  
 49  0.7397   1740.112111  x:  0.08746   0.14667   0.06160   0.02426   0.01533   0.09082   0.01797   0.74685   2.98729   0.59925   0.04083   0.02254   0.03829   0.08952   0.11107   0.38214   0.00000   0.10531   0.45722   0.57485   0.27199   0.30988   0.80832   0.00000   0.05504   2.49981   0.68872   0.00305   0.08566  
 50  0.2136   1740.086505  x:  0.08730   0.14549   0.06161   0.02474   0.01595   0.09019   0.01767   0.74752   2.97779   0.63163   0.04112   0.02242   0.03868   0.08843   0.08514   0.38103   0.00000   0.10423   0.45899   0.57286   0.27197   0.30949   0.84022   0.00000   0.05496   2.47729   0.67745   0.00294   0.08424  
 51  0.6674   1740.039980  x:  0.08758   0.14163   0.06143   0.02632   0.01769   0.08920   0.00768   0.76062   3.04678   0.62192   0.04227   0.02263   0.03849   0.08825   0.08449   0.38602   0.00000   0.10713   0.46488   0.56502   0.27404   0.30757   0.84512   0.00000   0.05521   2.49436   0.72627   0.00281   0.08589  
 52  0.0799   1740.002766  x:  0.08720   0.14385   0.06142   0.02813   0.02021   0.09116   0.01576   0.75017   2.96018   0.61134   0.04324   0.02299   0.03748   0.08869   0.09108   0.37980   0.00000   0.10835   0.46073   0.56231   0.27464   0.30861   0.84648   0.00000   0.05549   2.51085   0.70700   0.00299   0.08714  
 53  0.0520   1739.998232  x:  0.08733   0.14473   0.06160   0.02837   0.02066   0.09115   0.01692   0.74867   2.96109   0.60746   0.04317   0.02300   0.03765   0.08846   0.09532   0.37764   0.00000   0.10830   0.45967   0.56343   0.27415   0.30902   0.84448   0.00000   0.05540   2.50857   0.71390   0.00297   0.08607  
 54  0.0159   1739.997535  x:  0.08743   0.14497   0.06152   0.02843   0.02091   0.09079   0.01636   0.74922   2.95361   0.60484   0.04313   0.02290   0.03781   0.08839   0.09708   0.37691   0.00000   0.10822   0.46019   0.56343   0.27394   0.30905   0.84487   0.00000   0.05510   2.50234   0.71321   0.00294   0.08625  
 55  0.0101   1739.997478  x:  0.08728   0.14491   0.06151   0.02835   0.02099   0.09085   0.01600   0.74958   2.95258   0.60421   0.04313   0.02288   0.03782   0.08834   0.09751   0.37721   0.00000   0.10804   0.46022   0.56345   0.27393   0.30898   0.84541   0.00000   0.05522   2.50249   0.71350   0.00295   0.08626  
 56  0.0011   1739.997463  x:  0.08733   0.14488   0.06153   0.02828   0.02102   0.09084   0.01607   0.74947   2.95259   0.60430   0.04314   0.02288   0.03782   0.08834   0.09751   0.37723   0.00000   0.10811   0.46021   0.56347   0.27395   0.30901   0.84546   0.00000   0.05515   2.50291   0.71350   0.00295   0.08626  
 57  0.0003   1739.997462  x:  0.08733   0.14489   0.06153   0.02827   0.02103   0.09084   0.01613   0.74942   2.95287   0.60446   0.04313   0.02289   0.03781   0.08836   0.09739   0.37717   0.00000   0.10810   0.46020   0.56347   0.27394   0.30901   0.84531   0.00000   0.05517   2.50274   0.71341   0.00295   0.08626  
 58  0.0004   1739.997462  x:  0.08733   0.14489   0.06152   0.02827   0.02103   0.09084   0.01612   0.74943   2.95294   0.60446   0.04313   0.02289   0.03781   0.08835   0.09737   0.37717   0.00000   0.10811   0.46020   0.56346   0.27395   0.30901   0.84530   0.00000   0.05516   2.50275   0.71338   0.00295   0.08625  
 59  0.0001   1739.997462  x:  0.08733   0.14489   0.06153   0.02827   0.02103   0.09084   0.01612   0.74943   2.95294   0.60446   0.04313   0.02289   0.03781   0.08835   0.09737   0.37717   0.00000   0.10811   0.46020   0.56346   0.27394   0.30901   0.84530   0.00000   0.05517   2.50275   0.71337   0.00295   0.08625  
 60  0.0000   1739.997462  x:  0.08733   0.14489   0.06153   0.02827   0.02103   0.09084   0.01612   0.74943   2.95294   0.60446   0.04313   0.02289   0.03781   0.08835   0.09737   0.37717   0.00000   0.10811   0.46020   0.56346   0.27394   0.30901   0.84530   0.00000   0.05517   2.50275   0.71337   0.00295   0.08625  
 61  0.0000   1739.997462  x:  0.08733   0.14489   0.06153   0.02827   0.02103   0.09084   0.01612   0.74943   2.95294   0.60446   0.04313   0.02289   0.03781   0.08835   0.09737   0.37717   0.00000   0.10811   0.46020   0.56346   0.27394   0.30901   0.84530   0.00000   0.05517   2.50275   0.71337   0.00295   0.08625  
 62  0.0000   1739.997462  x:  0.08733   0.14489   0.06153   0.02827   0.02103   0.09084   0.01612   0.74943   2.95294   0.60446   0.04313   0.02289   0.03781   0.08835   0.09737   0.37717   0.00000   0.10811   0.46020   0.56346   0.27394   0.30901   0.84530   0.00000   0.05517   2.50275   0.71337   0.00295   0.08625  
check convergence!
