

TREE # 1

  0  0.0000   6182.510072  x:  0.06416   0.10855   0.03625   0.07974   0.06232   0.03253   0.06319   0.08719   0.05060   0.09051   0.07098   0.04200   0.08565   0.03051   0.01775   0.04893   0.08375   0.02780   0.07714   0.05287   0.05160   0.10320   0.08041   0.10691   0.01588   0.05620   0.40000  
  1 99.0000   5329.982461  x:  0.09424   0.13864   0.03241   0.17187   0.04356   0.00527   0.27114   0.14515   0.42862   0.20625   0.20739   0.03891   0.21808   0.27017   0.09664   0.00730   0.14919   0.18382   0.13333   0.05017   0.00000   0.06343   0.06267   0.11085   1.57214   0.37414   0.21204  
  2 7166.6064   5271.559017  x:  0.09409   0.13849   0.02780   0.17299   0.04150   0.00000   0.27208   0.14681   0.43209   0.21011   0.21069   0.03433   0.22066   0.26886   0.09345   0.00041   0.15025   0.18131   0.13692   0.05092   0.03731   0.05522   0.05295   0.10222   1.57938   0.37771   0.17107  
  3 1572.6693   5268.443084  x:  0.09408   0.13848   0.02754   0.17304   0.04139   0.00000   0.27209   0.14690   0.43222   0.21031   0.21087   0.03408   0.22079   0.26873   0.09325   0.00000   0.15030   0.18113   0.13708   0.05083   0.03733   0.05461   0.05235   0.10166   1.57947   0.37786   0.16871  
  4 2927.0468   5208.208956  x:  0.10179   0.14618   0.03202   0.17572   0.03019   0.00000   0.26224   0.16558   0.45983   0.23730   0.24263   0.05565   0.24230   0.27012   0.09429   0.00000   0.16270   0.18947   0.15393   0.07582   0.04066   0.00000   0.00637   0.05822   1.56613   0.39517   0.14909  
  5 714.3435   5203.868890  x:  0.10129   0.14569   0.03212   0.17532   0.02641   0.00000   0.26004   0.16762   0.46355   0.23914   0.24581   0.05642   0.24381   0.27015   0.09351   0.00000   0.16255   0.19083   0.15366   0.07273   0.04136   0.00000   0.00000   0.05278   1.56500   0.39745   0.14868  
  6 862.4571   5192.671070  x:  0.09810   0.14250   0.03425   0.17534   0.00000   0.00000   0.23380   0.18781   0.48605   0.24286   0.26912   0.05464   0.24626   0.26764   0.08158   0.00000   0.15772   0.19702   0.15043   0.07401   0.04177   0.00000   0.00000   0.06153   1.55867   0.41084   0.14142  
  7 281.5396   5168.198695  x:  0.11194   0.15633   0.07649   0.19880   0.00000   0.00000   0.12453   0.32030   0.51552   0.23575   0.39346   0.05070   0.25340   0.24389   0.00000   0.00000   0.16804   0.20803   0.22517   0.03649   0.04244   0.00000   0.00000   0.09349   1.54788   0.44000   0.11486  
  8 411.2510   5144.185586  x:  0.05663   0.10102   0.10538   0.15669   0.00000   0.00000   0.15381   0.47727   0.49536   0.18669   0.53913   0.02632   0.26083   0.19527   0.00000   0.00000   0.13509   0.21738   0.27173   0.08470   0.03154   0.00000   0.00000   0.08479   1.53299   0.46336   0.08225  
  9 140.7641   5133.742857  x:  0.08094   0.12532   0.05652   0.15605   0.00000   0.00000   0.16289   0.50022   0.47493   0.22480   0.54524   0.00000   0.27543   0.17559   0.00000   0.00000   0.14336   0.17233   0.24875   0.09158   0.02538   0.00000   0.00000   0.08357   1.52803   0.47977   0.08258  
 10 76.7203   5125.023267  x:  0.10325   0.14763   0.00000   0.15589   0.00000   0.00000   0.17065   0.52046   0.45076   0.26089   0.54583   0.01475   0.28757   0.15733   0.00000   0.00000   0.14906   0.12383   0.21986   0.09176   0.01923   0.00000   0.00000   0.08861   1.52424   0.49550   0.07627  
 11 854.7443   5119.801484  x:  0.09946   0.14384   0.00000   0.17574   0.00000   0.00000   0.16237   0.48883   0.44170   0.27628   0.50727   0.01162   0.28117   0.18348   0.00000   0.00000   0.16059   0.13764   0.20735   0.09251   0.01596   0.00000   0.00000   0.08108   1.51724   0.50074   0.06371  
 12 63.2411   5115.425241  x:  0.07132   0.11571   0.00000   0.19502   0.00000   0.00000   0.14227   0.45242   0.44863   0.28751   0.47293   0.00936   0.26800   0.17277   0.00000   0.00000   0.15091   0.10378   0.22618   0.09550   0.01267   0.00000   0.00000   0.06104   1.52117   0.51642   0.06467  
 13 83.8819   5111.330612  x:  0.07839   0.12276   0.00000   0.18001   0.00000   0.00000   0.15390   0.41232   0.47508   0.27500   0.45355   0.00991   0.24710   0.12608   0.00000   0.00000   0.12636   0.11731   0.24124   0.08115   0.01053   0.00000   0.00000   0.04618   1.51901   0.54097   0.06224  
 14 51.7183   5106.650002  x:  0.07514   0.11951   0.00000   0.14547   0.00000   0.00000   0.17502   0.39474   0.49557   0.24183   0.47273   0.00733   0.25723   0.14913   0.00000   0.00000   0.13820   0.09597   0.23601   0.05370   0.00828   0.00000   0.00000   0.03141   1.50680   0.56597   0.06092  
 15 37.1728   5104.212908  x:  0.07167   0.11605   0.00000   0.15761   0.00000   0.00000   0.17306   0.40284   0.48547   0.23765   0.48563   0.00744   0.26107   0.14385   0.00000   0.00000   0.13868   0.10112   0.21678   0.05236   0.00697   0.00000   0.00000   0.01198   1.50883   0.56976   0.06188  
 16 39.4323   5102.893473  x:  0.06090   0.10527   0.00000   0.16584   0.00000   0.00000   0.18529   0.40608   0.48077   0.26179   0.49552   0.00750   0.27579   0.13858   0.00000   0.00000   0.13781   0.11183   0.21738   0.04165   0.00690   0.00000   0.00000   0.01601   1.50465   0.57395   0.06203  
 17 49.6112   5102.430977  x:  0.05963   0.10400   0.01343   0.16435   0.00000   0.00000   0.18692   0.40579   0.48076   0.27079   0.49769   0.00742   0.27902   0.14068   0.00000   0.00000   0.13306   0.11412   0.22086   0.04039   0.00714   0.00000   0.00000   0.01548   1.50377   0.57538   0.06188  
 18 51.3239   5099.928597  x:  0.05905   0.10342   0.00688   0.14312   0.00000   0.00000   0.18513   0.39899   0.48692   0.30923   0.50272   0.00708   0.28724   0.15455   0.00000   0.00000   0.11190   0.12056   0.24305   0.04231   0.00899   0.00000   0.00000   0.00828   1.50259   0.58064   0.06069  
 19 46.7214   5097.320462  x:  0.05540   0.09976   0.00881   0.14392   0.00000   0.00000   0.19549   0.37155   0.52183   0.32352   0.50973   0.00805   0.29245   0.14328   0.00000   0.00000   0.14747   0.12139   0.26441   0.04768   0.01128   0.00000   0.00000   0.00463   1.49454   0.60118   0.05978  
 20 42.8021   5097.053934  x:  0.05501   0.09937   0.00900   0.14458   0.00000   0.00000   0.19719   0.36741   0.52694   0.32534   0.51092   0.00818   0.29342   0.14187   0.00000   0.00000   0.15209   0.12140   0.26754   0.04843   0.01160   0.00000   0.00355   0.00413   1.49326   0.60426   0.05965  
 21 490.2566   5096.047093  x:  0.06021   0.10457   0.00547   0.17235   0.00000   0.00000   0.21318   0.34832   0.54710   0.32033   0.52150   0.00784   0.30477   0.14793   0.00000   0.00000   0.14219   0.11587   0.27881   0.04941   0.01234   0.00000   0.00337   0.00401   1.48340   0.61773   0.05932  
 22 52.2119   5095.899725  x:  0.06072   0.10508   0.00554   0.17014   0.00000   0.00000   0.20684   0.33401   0.54241   0.31762   0.52743   0.00766   0.31921   0.14537   0.00000   0.00000   0.14081   0.11836   0.28180   0.05122   0.01161   0.00000   0.00278   0.00461   1.48401   0.62131   0.05922  
 23  8.2176   5095.642856  x:  0.06196   0.10632   0.00493   0.16946   0.00000   0.00000   0.20685   0.31940   0.53990   0.32939   0.54386   0.00814   0.30403   0.15029   0.00000   0.00000   0.14224   0.11970   0.28573   0.05344   0.00978   0.00000   0.00216   0.00527   1.48165   0.62900   0.05973  
 24  3.3562   5093.454521  x:  0.06152   0.10589   0.00496   0.16607   0.00000   0.00000   0.21203   0.31871   0.57929   0.34114   0.54614   0.00752   0.30863   0.15216   0.00000   0.00000   0.14069   0.12026   0.26833   0.05794   0.01032   0.00000   0.00000   0.00755   1.47912   0.61294   0.05989  
 25  2.5084   5092.163783  x:  0.06291   0.10729   0.00246   0.16297   0.00000   0.00000   0.21344   0.34880   0.56947   0.33816   0.50994   0.00846   0.31544   0.16066   0.00000   0.00000   0.14181   0.12753   0.26350   0.06089   0.01167   0.00000   0.00000   0.01000   1.46488   0.69955   0.06137  
 26 11.7171   5089.559891  x:  0.06672   0.11111   0.00000   0.16242   0.00000   0.00000   0.20256   0.29761   0.55515   0.33855   0.53945   0.00976   0.29880   0.16237   0.00000   0.00000   0.14633   0.12657   0.23355   0.04475   0.02243   0.00000   0.00000   0.01211   1.46024   0.69636   0.06348  
 27  2.8875   5086.351668  x:  0.08328   0.12769   0.00000   0.16311   0.00000   0.00000   0.18721   0.28587   0.60430   0.34625   0.47521   0.01368   0.31265   0.17296   0.00000   0.00000   0.15685   0.13753   0.26272   0.03369   0.02149   0.00000   0.00000   0.01273   1.43810   0.62210   0.06673  
 28 11.4264   5081.795998  x:  0.08761   0.13207   0.00000   0.16353   0.00000   0.00000   0.17224   0.27646   0.69843   0.40468   0.49002   0.01509   0.34505   0.18113   0.00000   0.00000   0.15865   0.14897   0.19552   0.04825   0.02135   0.00000   0.00000   0.00897   1.38035   0.62383   0.06854  
 29  0.1584   5076.257254  x:  0.07637   0.12098   0.00000   0.18382   0.00000   0.00000   0.17492   0.26813   0.86514   0.50552   0.52719   0.02035   0.33921   0.19527   0.00000   0.00000   0.16032   0.14983   0.24426   0.04719   0.03053   0.00000   0.00000   0.01907   1.17459   0.59398   0.06413  
 30  0.1047   5069.082863  x:  0.07395   0.11875   0.00000   0.17321   0.00000   0.00000   0.18059   0.21252   0.95493   0.56770   0.46248   0.02294   0.34412   0.18683   0.00000   0.00000   0.15417   0.13888   0.20960   0.03018   0.04031   0.00000   0.00000   0.01366   0.87643   0.69187   0.06796  
 31  0.1569   5062.731628  x:  0.07911   0.12402   0.00000   0.15786   0.00000   0.00000   0.16326   0.24879   0.87308   0.53554   0.48046   0.02297   0.33974   0.16261   0.00000   0.00000   0.14943   0.13642   0.21425   0.04304   0.03783   0.00000   0.00000   0.00523   0.68837   0.63654   0.07271  
 32  0.1342   5058.316932  x:  0.08088   0.12574   0.00000   0.15478   0.00000   0.00000   0.16747   0.28285   0.68295   0.43517   0.48414   0.01861   0.32030   0.15319   0.00000   0.00000   0.14819   0.13483   0.21553   0.05171   0.03241   0.00000   0.00000   0.00997   0.72310   0.54332   0.07462  
 33  0.2428   5057.056987  x:  0.07800   0.12287   0.00000   0.16307   0.00000   0.00000   0.18098   0.27324   0.62258   0.39112   0.47302   0.01643   0.31801   0.16519   0.00000   0.00000   0.14875   0.13951   0.21595   0.04981   0.03103   0.00000   0.00000   0.00983   0.66650   0.57395   0.07626  
 34  0.1100   5056.871991  x:  0.07874   0.12360   0.00000   0.16407   0.00000   0.00000   0.18192   0.27056   0.64587   0.39882   0.47598   0.01619   0.32541   0.17261   0.00000   0.00000   0.15205   0.14008   0.21292   0.04525   0.03008   0.00000   0.00000   0.01017   0.67142   0.58544   0.07628  
 35  0.0280   5056.828918  x:  0.07906   0.12392   0.00000   0.16326   0.00000   0.00000   0.18110   0.27098   0.63480   0.39347   0.47291   0.01545   0.32649   0.17309   0.00000   0.00000   0.15298   0.13924   0.21244   0.04419   0.02815   0.00000   0.00000   0.00988   0.67489   0.57954   0.07685  
 36  0.0137   5056.813900  x:  0.07891   0.12378   0.00000   0.16315   0.00000   0.00000   0.18061   0.27068   0.63712   0.39639   0.47263   0.01524   0.32556   0.17247   0.00000   0.00000   0.15290   0.13859   0.21298   0.04442   0.02724   0.00000   0.00000   0.01023   0.66689   0.57717   0.07695  
 37  0.0109   5056.808258  x:  0.07870   0.12357   0.00000   0.16340   0.00000   0.00000   0.18063   0.27062   0.63817   0.39748   0.47414   0.01507   0.32452   0.17184   0.00000   0.00000   0.15243   0.13877   0.21336   0.04506   0.02653   0.00000   0.00000   0.01027   0.67040   0.57955   0.07681  
 38  0.0053   5056.807948  x:  0.07869   0.12356   0.00000   0.16356   0.00000   0.00000   0.18054   0.27052   0.63855   0.39754   0.47430   0.01507   0.32447   0.17184   0.00000   0.00000   0.15232   0.13910   0.21291   0.04503   0.02652   0.00000   0.00000   0.01024   0.67004   0.57963   0.07675  
 39  0.0008   5056.807929  x:  0.07872   0.12358   0.00000   0.16356   0.00000   0.00000   0.18057   0.27047   0.63856   0.39760   0.47419   0.01508   0.32456   0.17181   0.00000   0.00000   0.15231   0.13916   0.21303   0.04503   0.02650   0.00000   0.00000   0.01023   0.67000   0.57968   0.07674  
 40  0.0002   5056.807928  x:  0.07872   0.12358   0.00000   0.16355   0.00000   0.00000   0.18058   0.27050   0.63852   0.39760   0.47424   0.01508   0.32457   0.17179   0.00000   0.00000   0.15231   0.13916   0.21303   0.04503   0.02650   0.00000   0.00000   0.01023   0.67000   0.57966   0.07674  
 41  0.0001   5056.807927  x:  0.07871   0.12357   0.00000   0.16355   0.00000   0.00000   0.18058   0.27049   0.63852   0.39761   0.47422   0.01509   0.32457   0.17179   0.00000   0.00000   0.15231   0.13916   0.21303   0.04503   0.02650   0.00000   0.00000   0.01023   0.67002   0.57964   0.07674  
 42  0.0000   5056.807927  x:  0.07871   0.12358   0.00000   0.16355   0.00000   0.00000   0.18058   0.27049   0.63851   0.39760   0.47422   0.01509   0.32457   0.17179   0.00000   0.00000   0.15231   0.13916   0.21303   0.04503   0.02650   0.00000   0.00000   0.01023   0.67001   0.57966   0.07674  
 43  0.0000   5056.807927  x:  0.07871   0.12358   0.00000   0.16355   0.00000   0.00000   0.18058   0.27049   0.63851   0.39760   0.47422   0.01509   0.32457   0.17179   0.00000   0.00000   0.15231   0.13916   0.21303   0.04503   0.02650   0.00000   0.00000   0.01023   0.67001   0.57966   0.07674  
 44  0.0000   5056.807927  x:  0.07871   0.12358   0.00000   0.16355   0.00000   0.00000   0.18058   0.27049   0.63851   0.39760   0.47422   0.01509   0.32457   0.17179   0.00000   0.00000   0.15231   0.13916   0.21303   0.04503   0.02650   0.00000   0.00000   0.01023   0.67001   0.57966   0.07674  
 45  0.0000   5056.807927  x:  0.07871   0.12358   0.00000   0.16355   0.00000   0.00000   0.18058   0.27049   0.63851   0.39760   0.47422   0.01509   0.32457   0.17179   0.00000   0.00000   0.15231   0.13916   0.21303   0.04503   0.02650   0.00000   0.00000   0.01023   0.67001   0.57966   0.07674  
 46  0.0000   5056.807927  x:  0.07871   0.12358   0.00000   0.16355   0.00000   0.00000   0.18058   0.27049   0.63851   0.39760   0.47422   0.01509   0.32457   0.17179   0.00000   0.00000   0.15231   0.13916   0.21303   0.04503   0.02650   0.00000   0.00000   0.01023   0.67001   0.57966   0.07674  
 47  0.0000   5056.807927  x:  0.07871   0.12358   0.00000   0.16355   0.00000   0.00000   0.18058   0.27049   0.63851   0.39760   0.47422   0.01509   0.32457   0.17179   0.00000   0.00000   0.15231   0.13916   0.21303   0.04503   0.02650   0.00000   0.00000   0.01023   0.67001   0.57966   0.07674  
check convergence!
