Supplemental results for CODEML (seqf: 1pek.txt  treef: 1pekTree.trees)


MLEs of dN/dS (w) for site classes (K=3)

p:   0.34430  0.44503  0.21067
w:   0.00131  0.06985  0.37276

Naive Empirical Bayes (NEB) probabilities for 3 classes & postmean_w
(amino acids refer to 1st sequence: Magnaporthe)

   1 A   0.00000 0.83902 0.16098 ( 2)  0.119
   2 T   0.00000 0.00947 0.99053 ( 3)  0.370
   3 Q   0.73584 0.26366 0.00050 ( 1)  0.020
   4 T   0.00000 0.00224 0.99776 ( 3)  0.372
   5 G   0.00010 0.99467 0.00524 ( 2)  0.071
   6 A   0.92442 0.07557 0.00001 ( 1)  0.006
   7 P   0.30185 0.69813 0.00001 ( 2)  0.049
   8 W   0.75799 0.24174 0.00027 ( 1)  0.018
   9 G   0.91814 0.08185 0.00001 ( 1)  0.007
  10 L   0.75297 0.24640 0.00063 ( 1)  0.018
  11 A   0.00000 0.93693 0.06307 ( 2)  0.089
  12 R   0.94155 0.05845 0.00000 ( 1)  0.005
  13 I   0.96658 0.03342 0.00000 ( 1)  0.004
  14 S   0.89901 0.10096 0.00003 ( 1)  0.008
  15 S   0.00000 0.86353 0.13647 ( 2)  0.111
  16 T   0.00002 0.88377 0.11621 ( 2)  0.105
  17 A   0.00000 0.00003 0.99997 ( 3)  0.373
  18 R   0.00000 0.10948 0.89052 ( 3)  0.340
  19 G   0.85931 0.14054 0.00015 ( 1)  0.011
  20 G   0.00000 0.09886 0.90114 ( 3)  0.343
  21 T   0.00631 0.99308 0.00061 ( 2)  0.070
  22 T   0.24076 0.75911 0.00013 ( 2)  0.053
  23 Y   0.90121 0.09878 0.00000 ( 1)  0.008
  24 R   0.00000 0.00134 0.99866 ( 3)  0.372
  25 Y   0.20604 0.79392 0.00004 ( 2)  0.056
  26 D   0.97138 0.02862 0.00000 ( 1)  0.003
  27 D   0.00000 0.92710 0.07290 ( 2)  0.092
  28 S   0.00596 0.99361 0.00043 ( 2)  0.070
  29 A   0.95177 0.04823 0.00000 ( 1)  0.005
  30 G   0.92540 0.07459 0.00000 ( 1)  0.006
  31 V   0.00000 0.00389 0.99611 ( 3)  0.372
  32 G   0.93432 0.06568 0.00000 ( 1)  0.006
  33 T   0.00369 0.99271 0.00361 ( 2)  0.071
  34 C   0.93170 0.06829 0.00000 ( 1)  0.006
  35 S   0.00000 0.37302 0.62698 ( 3)  0.260
  36 Y   0.12586 0.87375 0.00039 ( 2)  0.061
  37 I   0.00011 0.99532 0.00457 ( 2)  0.071
  38 I   0.12361 0.87591 0.00048 ( 2)  0.062
  39 D   0.97641 0.02359 0.00000 ( 1)  0.003
  40 T   0.90534 0.09465 0.00001 ( 1)  0.008
  41 G   0.94172 0.05828 0.00000 ( 1)  0.005
  42 L   0.00000 0.89158 0.10842 ( 2)  0.103
  43 Y   0.00006 0.99032 0.00963 ( 2)  0.073
  44 A   0.00010 0.98653 0.01338 ( 2)  0.074
  45 A   0.00000 0.06647 0.93353 ( 3)  0.353
  46 H   0.95325 0.04675 0.00000 ( 1)  0.005
  47 S   0.00005 0.98491 0.01504 ( 2)  0.074
  48 D   0.18629 0.81358 0.00013 ( 2)  0.057
  49 F   0.82934 0.17062 0.00004 ( 1)  0.013
  50 G   0.12261 0.87707 0.00032 ( 2)  0.062
  51 G   0.93252 0.06748 0.00000 ( 1)  0.006
  52 R   0.88116 0.11883 0.00001 ( 1)  0.009
  53 A   0.96209 0.03791 0.00000 ( 1)  0.004
  54 S   0.00000 0.27297 0.72703 ( 3)  0.290
  55 Q   0.00000 0.00161 0.99839 ( 3)  0.372
  56 V   0.00007 0.99341 0.00652 ( 2)  0.072
  57 A   0.00001 0.75870 0.24128 ( 2)  0.143
  58 N   0.00016 0.99922 0.00062 ( 2)  0.070
  59 F   0.00265 0.99538 0.00197 ( 2)  0.070
  60 V   0.00000 0.96376 0.03624 ( 2)  0.081
  61 D   0.00000 0.01459 0.98541 ( 3)  0.368
  62 S   0.00011 0.99663 0.00326 ( 2)  0.071
  63 S   0.00000 0.00032 0.99968 ( 3)  0.373
  64 T   0.00000 0.65540 0.34460 ( 2)  0.174
  65 D   0.96076 0.03924 0.00000 ( 1)  0.004
  66 G   0.94122 0.05878 0.00000 ( 1)  0.005
  67 N   0.00000 0.98359 0.01641 ( 2)  0.075
  68 G   0.95524 0.04476 0.00000 ( 1)  0.004
  69 H   0.93895 0.06105 0.00000 ( 1)  0.005
  70 G   0.93855 0.06145 0.00000 ( 1)  0.006
  71 T   0.88046 0.11950 0.00004 ( 1)  0.010
  72 H   0.95446 0.04554 0.00000 ( 1)  0.004
  73 V   0.00000 0.98184 0.01816 ( 2)  0.075
  74 A   0.00008 0.96505 0.03487 ( 2)  0.080
  75 G   0.86906 0.13084 0.00010 ( 1)  0.010
  76 T   0.95153 0.04847 0.00000 ( 1)  0.005
  77 I   0.00228 0.99308 0.00464 ( 2)  0.071
  78 G   0.95002 0.04998 0.00000 ( 1)  0.005
  79 G   0.00000 0.96809 0.03191 ( 2)  0.080
  80 T   0.00000 0.26552 0.73448 ( 3)  0.292
  81 K   0.00004 0.97608 0.02388 ( 2)  0.077
  82 Y   0.92825 0.07175 0.00000 ( 1)  0.006
  83 G   0.93234 0.06765 0.00000 ( 1)  0.006
  84 V   0.92074 0.07925 0.00001 ( 1)  0.007
  85 A   0.94920 0.05079 0.00000 ( 1)  0.005
  86 K   0.82284 0.17711 0.00005 ( 1)  0.013
  87 R   0.06200 0.93078 0.00722 ( 2)  0.068
  88 T   0.00008 0.98749 0.01243 ( 2)  0.074
  89 T   0.00000 0.17031 0.82969 ( 3)  0.321
  90 L   0.00007 0.99542 0.00451 ( 2)  0.071
  91 L   0.00000 0.02661 0.97339 ( 3)  0.365
  92 G   0.00472 0.99327 0.00202 ( 2)  0.070
  93 V   0.31327 0.68670 0.00003 ( 2)  0.048
  94 K   0.83781 0.16216 0.00002 ( 1)  0.012
  95 V   0.92036 0.07964 0.00001 ( 1)  0.007
  96 L   0.89269 0.10730 0.00001 ( 1)  0.009
  97 N   0.00026 0.99859 0.00115 ( 2)  0.070
  98 A   0.00022 0.99767 0.00212 ( 2)  0.070
  99 S   0.00000 0.00001 0.99999 ( 3)  0.373
 100 G   0.95887 0.04113 0.00000 ( 1)  0.004
 101 S   0.00000 0.12620 0.87380 ( 3)  0.335
 102 G   0.19110 0.80857 0.00033 ( 2)  0.057
 103 T   0.00000 0.38628 0.61372 ( 3)  0.256
 104 N   0.00000 0.98797 0.01203 ( 2)  0.073
 105 S   0.00010 0.99666 0.00324 ( 2)  0.071
 106 G   0.00000 0.98293 0.01707 ( 2)  0.075
 107 V   0.00542 0.99398 0.00060 ( 2)  0.070
 108 I   0.91793 0.08206 0.00000 ( 1)  0.007
 109 S   0.00000 0.04067 0.95933 ( 3)  0.360
 110 G   0.93968 0.06032 0.00000 ( 1)  0.005
 111 M   0.08870 0.91064 0.00066 ( 2)  0.064
 112 N   0.01485 0.98506 0.00008 ( 2)  0.069
 113 F   0.00004 0.97713 0.02283 ( 2)  0.077
 114 V   0.93410 0.06589 0.00000 ( 1)  0.006
 115 V   0.00518 0.99246 0.00236 ( 2)  0.070
 116 T   0.00000 0.12959 0.87041 ( 3)  0.334
 117 D   0.98312 0.01688 0.00000 ( 1)  0.002
 118 A   0.00000 0.00455 0.99545 ( 3)  0.371
 119 R   0.00000 0.06953 0.93047 ( 3)  0.352
 120 T   0.00480 0.99366 0.00154 ( 2)  0.070
 121 R   0.92164 0.07836 0.00000 ( 1)  0.007
 122 S   0.00000 0.03299 0.96701 ( 3)  0.363
 123 C   0.95657 0.04343 0.00000 ( 1)  0.004
 124 P   0.00803 0.99186 0.00011 ( 2)  0.069
 125 N   0.00000 0.79711 0.20289 ( 2)  0.131
 126 G   0.95768 0.04232 0.00000 ( 1)  0.004
 127 V   0.00000 0.17242 0.82758 ( 3)  0.321
 128 V   0.00431 0.99359 0.00211 ( 2)  0.070
 129 V   0.25091 0.74892 0.00017 ( 2)  0.053
 130 N   0.00000 0.97332 0.02668 ( 2)  0.078
 131 M   0.08512 0.91401 0.00087 ( 2)  0.064
 132 S   0.00260 0.99054 0.00687 ( 2)  0.072
 133 L   0.04601 0.93465 0.01934 ( 2)  0.073
 134 G   0.07773 0.91539 0.00688 ( 2)  0.067
 135 G   0.92305 0.07694 0.00001 ( 1)  0.007
 136 S   0.00012 0.99698 0.00289 ( 2)  0.071
 137 T   0.00000 0.99571 0.00428 ( 2)  0.071
 138 S   0.00000 0.68624 0.31376 ( 2)  0.165
 139 T   0.00599 0.99264 0.00137 ( 2)  0.070
 140 A   0.00009 0.99275 0.00716 ( 2)  0.072
 141 V   0.93463 0.06537 0.00000 ( 1)  0.006
 142 N   0.97297 0.02703 0.00000 ( 1)  0.003
 143 N   0.00000 0.00394 0.99606 ( 3)  0.372
 144 A   0.24416 0.75536 0.00048 ( 2)  0.053
 145 A   0.94722 0.05278 0.00000 ( 1)  0.005
 146 R   0.00495 0.99326 0.00179 ( 2)  0.070
 147 A   0.00000 0.00110 0.99890 ( 3)  0.372
 148 I   0.00171 0.98277 0.01551 ( 2)  0.074
 149 T   0.00000 0.02096 0.97904 ( 3)  0.366
 150 S   0.00000 0.00000 1.00000 ( 3)  0.373
 151 A   0.00005 0.94100 0.05895 ( 2)  0.088
 152 G   0.92746 0.07253 0.00000 ( 1)  0.006
 153 H   0.00696 0.99271 0.00033 ( 2)  0.069
 154 F   0.00508 0.99475 0.00017 ( 2)  0.070
 155 L   0.00043 0.89256 0.10701 ( 2)  0.102
 156 A   0.00696 0.99204 0.00100 ( 2)  0.070
 157 V   0.93931 0.06069 0.00000 ( 1)  0.005
 158 A   0.95113 0.04887 0.00000 ( 1)  0.005
 159 A   0.94700 0.05299 0.00000 ( 1)  0.005
 160 G   0.94946 0.05054 0.00000 ( 1)  0.005
 161 N   0.97189 0.02811 0.00000 ( 1)  0.003
 162 S   0.00000 0.95940 0.04060 ( 2)  0.082
 163 N   0.00000 0.90839 0.09161 ( 2)  0.098
 164 A   0.00000 0.00135 0.99865 ( 3)  0.372
 165 N   0.33606 0.66391 0.00003 ( 2)  0.047
 166 A   0.95234 0.04766 0.00000 ( 1)  0.005
 167 A   0.00000 0.00213 0.99787 ( 3)  0.372
 168 S   0.00000 0.38554 0.61446 ( 3)  0.256
 169 F   0.00000 0.02420 0.97580 ( 3)  0.365
 170 S   0.83140 0.16851 0.00009 ( 1)  0.013
 171 P   0.90057 0.09942 0.00001 ( 1)  0.008
 172 A   0.93841 0.06158 0.00001 ( 1)  0.006
 173 S   0.00404 0.99458 0.00138 ( 2)  0.070
 174 E   0.89986 0.10014 0.00000 ( 1)  0.008
 175 P   0.14897 0.85050 0.00053 ( 2)  0.060
 176 S   0.00000 0.00531 0.99469 ( 3)  0.371
 177 A   0.00011 0.99062 0.00927 ( 2)  0.073
 178 C   0.95657 0.04343 0.00000 ( 1)  0.004
 179 T   0.90803 0.09195 0.00001 ( 1)  0.008
 180 V   0.93017 0.06982 0.00000 ( 1)  0.006
 181 G   0.89502 0.10496 0.00002 ( 1)  0.009
 182 A   0.95293 0.04707 0.00000 ( 1)  0.005
 183 T   0.00006 0.97515 0.02478 ( 2)  0.077
 184 T   0.00000 0.69018 0.30982 ( 2)  0.164
 185 S   0.00000 0.00173 0.99827 ( 3)  0.372
 186 T   0.00000 0.11975 0.88025 ( 3)  0.336
 187 D   0.97925 0.02075 0.00000 ( 1)  0.003
 188 A   0.00000 0.00353 0.99647 ( 3)  0.372
 189 K   0.00094 0.90755 0.09151 ( 2)  0.098
 190 A   0.00392 0.99367 0.00241 ( 2)  0.070
 191 S   0.00000 0.25291 0.74709 ( 3)  0.296
 192 Y   0.22910 0.77088 0.00002 ( 2)  0.054
 193 S   0.95568 0.04432 0.00000 ( 1)  0.004
 194 N   0.97297 0.02703 0.00000 ( 1)  0.003
 195 Y   0.00566 0.99419 0.00015 ( 2)  0.070
 196 G   0.95214 0.04786 0.00000 ( 1)  0.005
 197 A   0.00000 0.00012 0.99988 ( 3)  0.373
 198 L   0.00000 0.95464 0.04536 ( 2)  0.084
 199 V   0.00465 0.99426 0.00109 ( 2)  0.070
 200 D   0.97829 0.02171 0.00000 ( 1)  0.003
 201 V   0.21958 0.78034 0.00008 ( 2)  0.055
 202 F   0.87314 0.12684 0.00002 ( 1)  0.010
 203 A   0.00380 0.99111 0.00509 ( 2)  0.071
 204 P   0.88239 0.11760 0.00001 ( 1)  0.009
 205 G   0.93756 0.06244 0.00000 ( 1)  0.006
 206 S   0.00000 0.70542 0.29458 ( 2)  0.159
 207 G   0.00000 0.00085 0.99915 ( 3)  0.372
 208 I   0.00367 0.99451 0.00182 ( 2)  0.070
 209 L   0.04860 0.93364 0.01776 ( 2)  0.072
 210 S   0.00393 0.99410 0.00197 ( 2)  0.070
 211 A   0.26019 0.73970 0.00011 ( 2)  0.052
 212 W   0.75799 0.24174 0.00027 ( 1)  0.018
 213 I   0.00008 0.99503 0.00489 ( 2)  0.071
 214 G   0.00000 0.10932 0.89068 ( 3)  0.340
 215 G   0.31513 0.68483 0.00004 ( 2)  0.048
 216 T   0.00000 0.00021 0.99979 ( 3)  0.373
 217 T   0.00331 0.99266 0.00403 ( 2)  0.071
 218 R   0.00000 0.28165 0.71835 ( 3)  0.287
 219 T   0.00000 0.87221 0.12779 ( 2)  0.109
 220 I   0.96408 0.03592 0.00000 ( 1)  0.004
 221 D   0.00226 0.99173 0.00602 ( 2)  0.072
 222 G   0.93265 0.06735 0.00000 ( 1)  0.006
 223 T   0.92690 0.07310 0.00000 ( 1)  0.006
 224 S   0.95173 0.04827 0.00000 ( 1)  0.005
 225 M   0.83664 0.16334 0.00002 ( 1)  0.013
 226 A   0.94203 0.05796 0.00000 ( 1)  0.005
 227 S   0.00234 0.98889 0.00876 ( 2)  0.072
 228 P   0.94382 0.05618 0.00000 ( 1)  0.005
 229 H   0.91782 0.08218 0.00000 ( 1)  0.007
 230 I   0.00264 0.99425 0.00311 ( 2)  0.071
 231 A   0.00558 0.99243 0.00199 ( 2)  0.070
 232 G   0.93324 0.06675 0.00000 ( 1)  0.006
 233 L   0.85872 0.14124 0.00003 ( 1)  0.011
 234 G   0.15877 0.83989 0.00134 ( 2)  0.059
 235 A   0.95673 0.04327 0.00000 ( 1)  0.004
 236 Y   0.95007 0.04993 0.00000 ( 1)  0.005
 237 L   0.10985 0.88946 0.00070 ( 2)  0.063
 238 L   0.00000 0.00091 0.99909 ( 3)  0.372
 239 A   0.00006 0.95444 0.04551 ( 2)  0.084
 240 L   0.14165 0.85806 0.00028 ( 2)  0.060
 241 R   0.00000 0.01159 0.98841 ( 3)  0.369
 242 P   0.00000 0.00001 0.99999 ( 3)  0.373
 243 Q   0.00000 0.00651 0.99349 ( 3)  0.371
 244 T   0.00000 0.90766 0.09234 ( 2)  0.098
 245 A   0.00000 0.10370 0.89630 ( 3)  0.341
 246 A   0.00000 0.31338 0.68662 ( 3)  0.278
 247 L   0.00000 0.95027 0.04973 ( 2)  0.085
 248 C   0.95657 0.04343 0.00000 ( 1)  0.004
 249 S   0.00000 0.00467 0.99533 ( 3)  0.371
 250 Y   0.00000 0.02141 0.97859 ( 3)  0.366
 251 I   0.95571 0.04429 0.00000 ( 1)  0.004
 252 A   0.00000 0.22317 0.77683 ( 3)  0.305
 253 T   0.00000 0.00429 0.99571 ( 3)  0.371
 254 N   0.00000 0.06091 0.93909 ( 3)  0.354
 255 A   0.00008 0.98161 0.01831 ( 2)  0.075
 256 N   0.00000 0.96312 0.03688 ( 2)  0.081
 257 R   0.00000 0.16220 0.83780 ( 3)  0.324
 258 G   0.00000 0.84778 0.15222 ( 2)  0.116
 259 V   0.00000 0.35604 0.64396 ( 3)  0.265
 260 I   0.00005 0.98333 0.01662 ( 2)  0.075
 261 T   0.00000 0.60046 0.39954 ( 2)  0.191
 262 G   0.00525 0.99324 0.00151 ( 2)  0.070
 263 L   0.00000 0.59632 0.40368 ( 2)  0.192
 264 P   0.93138 0.06862 0.00000 ( 1)  0.006
 265 S   0.00000 0.60623 0.39377 ( 2)  0.189
 266 G   0.28950 0.71042 0.00008 ( 2)  0.050
 267 T   0.92563 0.07437 0.00000 ( 1)  0.006
 268 V   0.30116 0.69880 0.00004 ( 2)  0.049
 269 N   0.97297 0.02703 0.00000 ( 1)  0.003
 270 A   0.00000 0.00541 0.99459 ( 3)  0.371
 271 L   0.06928 0.92740 0.00332 ( 2)  0.066
 272 A   0.95263 0.04737 0.00000 ( 1)  0.005
 273 Y   0.00009 0.99887 0.00104 ( 2)  0.070
 274 N   0.97297 0.02703 0.00000 ( 1)  0.003
 275 G   0.00718 0.99235 0.00047 ( 2)  0.070
 276 A   0.00000 0.04987 0.95013 ( 3)  0.358

Positively selected sites

	Prob(w>1)  mean w



lnL = -6505.340792

