

TREE # 1

  0  0.0000   8606.984414  x:  0.09335   0.07506   0.10660   0.09597   0.07795   0.02504   0.07209   0.03483   0.04214   0.10301   0.04292   0.08117   0.07741   0.10016   0.10458   0.03448   0.09231   0.05438   0.03559   0.09659   0.09562   4.00000   0.16556   0.08634   0.20000   0.49191   0.63241  
  1 99.0000   6959.408300  x:  0.44785   0.43181   0.27383   0.30123   0.31674   1.09852   0.22968   0.35113   0.38069   0.61281   0.42269   0.16329   0.52560   0.27348   0.21316   0.03618   0.08525   0.68278   0.62134   0.11967   0.17963   3.96759   0.19812   0.07146   0.00000   0.39071   0.69806  
  2 5371.7792   6931.243311  x:  0.46009   0.44390   0.27961   0.30822   0.32471   1.13453   0.23486   0.36154   0.39199   0.63028   0.43553   0.16606   0.54087   0.27940   0.21676   0.03623   0.08506   0.70399   0.64105   0.12045   0.18256   3.96625   0.19933   0.07097   0.02769   0.38598   0.70041  
  3 17269.5941   6835.705681  x:  0.55475   0.46725   0.33697   0.33547   0.30289   1.05929   0.20205   0.28244   0.35755   0.71815   0.44878   0.17597   0.59405   0.31275   0.20650   0.04956   0.11961   0.70868   0.62776   0.13336   0.22902   3.88004   0.27680   0.05147   0.02436   0.10958   0.72620  
  4 354.7640   6812.508651  x:  0.61929   0.48394   0.37966   0.35579   0.28909   1.00819   0.18401   0.22658   0.33444   0.78368   0.46023   0.17411   0.62944   0.32639   0.19102   0.00402   0.08847   0.71604   0.62195   0.11883   0.23642   3.80512   0.31565   0.06141   0.02446   0.11096   0.70137  
  5 266.8096   6778.831587  x:  0.76526   0.52112   0.47657   0.40235   0.25790   0.89095   0.14979   0.10376   0.28144   0.93422   0.48624   0.16937   0.71007   0.35396   0.15603   0.04203   0.04125   0.73405   0.60952   0.08139   0.24790   3.62653   0.40347   0.08948   0.02539   0.14864   0.63620  
  6 1290.5085   6752.140753  x:  0.92034   0.54869   0.57999   0.45122   0.22005   0.73262   0.22025   0.10452   0.21234   1.10425   0.50443   0.15313   0.78959   0.36924   0.11029   0.03167   0.16022   0.75120   0.58812   0.03999   0.24656   3.36905   0.51305   0.14009   0.02699   0.20508   0.56194  
  7 477.4613   6719.373549  x:  1.05151   0.53795   0.66524   0.49375   0.19372   0.54341   0.35845   0.26513   0.14322   1.27382   0.49915   0.14290   0.84817   0.35180   0.10407   0.05652   0.05746   0.76978   0.55968   0.08828   0.25554   2.95245   0.65424   0.22129   0.02801   0.22536   0.56386  
  8 324.5876   6647.990941  x:  1.13287   0.39106   0.71223   0.51422   0.28378   0.40988   0.31564   0.29514   0.17532   1.49341   0.43378   0.17014   0.83699   0.26469   0.29462   0.05389   0.07862   0.84699   0.53177   0.07760   0.09483   1.71185   0.94691   0.46523   0.02928   0.29243   0.81395  
  9 231.5413   6626.657056  x:  1.14552   0.33723   0.72005   0.51218   0.31363   0.39520   0.28958   0.28348   0.18724   1.55466   0.40220   0.16301   0.82065   0.23737   0.33150   0.04960   0.10585   0.86768   0.52376   0.14950   0.15488   1.24683   1.05373   0.56430   0.03014   0.33115   0.86338  
 10 871.2270   6610.850980  x:  1.11408   0.31413   0.70682   0.48316   0.31535   0.46675   0.30676   0.28253   0.18384   1.54812   0.36006   0.12811   0.78593   0.26529   0.26816   0.05298   0.08236   0.85218   0.52210   0.09112   0.15108   0.90473   1.16107   0.66294   0.02972   0.29327   0.77227  
 11 182.6307   6607.591771  x:  1.08871   0.32694   0.69448   0.46160   0.31436   0.46355   0.29241   0.29045   0.18917   1.53785   0.35855   0.19618   0.78172   0.28262   0.31833   0.05052   0.08311   0.85312   0.53909   0.11297   0.13294   0.85611   1.25406   0.75093   0.02991   0.27963   0.68918  
 12 43.7720   6604.007521  x:  1.05999   0.35324   0.68068   0.43069   0.31846   0.45292   0.26994   0.29118   0.20268   1.52909   0.36423   0.16558   0.78676   0.19733   0.33437   0.04900   0.08197   0.87225   0.57877   0.11475   0.12483   0.85421   1.40671   0.90114   0.02979   0.26145   0.65005  
 13 43.1806   6591.993477  x:  0.94113   0.38748   0.59296   0.27493   0.30129   0.41563   0.27589   0.25542   0.20831   1.47520   0.36845   0.05779   0.84739   0.30769   0.30418   0.04816   0.07710   0.93684   0.69619   0.06251   0.17863   0.93282   2.07714   1.59121   0.03027   0.27775   0.80730  
 14 67.1091   6584.183230  x:  0.94891   0.39065   0.54770   0.24383   0.23181   0.51192   0.30148   0.20634   0.15145   1.43643   0.35918   0.14103   0.84365   0.27860   0.15963   0.04647   0.08092   0.92346   0.68924   0.10562   0.14235   0.99552   2.51074   2.00753   0.03062   0.30174   0.95719  
 15 92.5948   6580.840794  x:  1.00579   0.38646   0.56451   0.31086   0.17609   0.59799   0.27413   0.23326   0.12413   1.39133   0.36635   0.14388   0.78380   0.27322   0.18935   0.04679   0.08063   0.87321   0.62381   0.05955   0.18634   1.03372   2.72911   2.17449   0.03107   0.31906   1.01462  
 16 47.5828   6579.932832  x:  1.02741   0.38237   0.57479   0.35976   0.18829   0.61404   0.26703   0.23567   0.14096   1.35945   0.38186   0.11443   0.76373   0.29367   0.18564   0.04699   0.08261   0.85812   0.59943   0.08588   0.16461   1.04370   2.79359   2.20785   0.03127   0.32216   1.01703  
 17 26.6679   6579.362314  x:  1.03264   0.38038   0.59208   0.39823   0.22593   0.60811   0.28622   0.22552   0.15620   1.29932   0.39436   0.13173   0.77925   0.28777   0.17670   0.04683   0.08014   0.86181   0.59386   0.07160   0.17936   1.04086   2.81951   2.20344   0.03145   0.32239   1.01650  
 18  9.3042   6578.573747  x:  1.03672   0.39424   0.61741   0.40675   0.21983   0.61049   0.25273   0.24398   0.12639   1.22053   0.40953   0.13131   0.82379   0.29178   0.16638   0.04640   0.08410   0.86952   0.60692   0.07477   0.17569   1.02505   2.81028   2.17535   0.03146   0.32174   1.01160  
 19  7.5132   6576.692248  x:  1.05229   0.39694   0.65386   0.34992   0.15639   0.63206   0.28464   0.21322   0.13317   1.12974   0.48131   0.11343   0.85894   0.29023   0.19544   0.04534   0.08322   0.87795   0.59965   0.08977   0.16605   0.99646   2.74259   2.09362   0.03119   0.30582   0.97562  
 20 11.1735   6570.086347  x:  1.10234   0.32997   0.69845   0.21216   0.18271   0.64299   0.21396   0.23598   0.17644   1.09956   0.56262   0.13544   0.78189   0.31438   0.14348   0.04592   0.08261   0.92607   0.61537   0.07104   0.18251   0.96437   2.45264   1.83557   0.02966   0.23328   0.80872  
 21 18.8904   6564.994160  x:  1.07827   0.35884   0.68200   0.23642   0.20312   0.67405   0.24072   0.18510   0.12080   1.12052   0.48089   0.11546   0.73679   0.33271   0.17772   0.04412   0.08103   0.91953   0.69448   0.07930   0.17901   0.94088   2.21181   1.63369   0.02841   0.17616   0.68599  
 22 41.5243   6562.575072  x:  1.01822   0.44002   0.61857   0.25491   0.17349   0.68634   0.22042   0.19008   0.20820   1.17196   0.40823   0.11906   0.79798   0.33791   0.16827   0.04291   0.08299   0.84599   0.68184   0.07324   0.18755   0.92288   2.13629   1.46234   0.02825   0.16447   0.63485  
 23 25.8742   6562.004672  x:  0.97931   0.44426   0.56488   0.25722   0.18666   0.69528   0.21827   0.18770   0.17539   1.20012   0.44134   0.11519   0.80405   0.33676   0.17068   0.04187   0.08347   0.84105   0.67291   0.07001   0.19145   0.91982   2.16179   1.37200   0.02853   0.17039   0.62145  
 24  9.8325   6561.795590  x:  0.96280   0.46736   0.56657   0.26703   0.16873   0.68878   0.21724   0.18614   0.17894   1.19885   0.44234   0.11968   0.77611   0.33994   0.16300   0.04172   0.08364   0.86920   0.67611   0.06861   0.19361   0.91791   2.15836   1.34230   0.02856   0.17268   0.62402  
 25  2.4192   6559.158941  x:  0.94745   0.42582   0.56476   0.29343   0.16507   0.73252   0.21242   0.17200   0.17154   1.20257   0.34063   0.10982   0.81033   0.34297   0.17762   0.03888   0.08480   0.97759   0.59892   0.07433   0.20374   0.95303   1.93695   1.15407   0.02746   0.16660   0.57614  
 26  2.5496   6553.219239  x:  0.93445   0.46364   0.54220   0.37634   0.20290   0.78369   0.19842   0.14847   0.16459   1.21427   0.38500   0.13172   0.79649   0.35073   0.16932   0.03389   0.08982   0.84665   0.67638   0.06432   0.24959   0.98485   1.33441   0.81525   0.02445   0.14823   0.54123  
 27 24.1268   6553.091398  x:  0.94692   0.49379   0.53860   0.36092   0.22288   0.78725   0.20088   0.14811   0.15733   1.21003   0.38231   0.13047   0.79135   0.35177   0.17188   0.03401   0.08967   0.84474   0.65925   0.06554   0.24994   0.98416   1.32589   0.81462   0.02438   0.14911   0.54563  
 28  3.0776   6551.278160  x:  0.96032   0.49450   0.48307   0.43840   0.20182   0.80294   0.20525   0.15595   0.14577   1.20956   0.45026   0.13681   0.82217   0.34711   0.14908   0.03488   0.08462   0.86616   0.58173   0.04877   0.26904   0.98811   1.29361   0.93965   0.02253   0.13885   0.58415  
 29  0.7525   6548.613972  x:  1.02917   0.42687   0.55994   0.42930   0.19274   0.85230   0.23302   0.16328   0.15345   1.19750   0.42372   0.14041   0.82241   0.34306   0.13214   0.03587   0.07901   0.80661   0.62328   0.04562   0.28264   1.01697   1.39607   0.97711   0.02108   0.15938   0.65609  
 30  7.2096   6544.509787  x:  0.99107   0.42817   0.73722   0.40520   0.21449   0.91182   0.24575   0.19627   0.13367   1.22946   0.50921   0.14563   0.81265   0.34773   0.12444   0.03791   0.07089   0.81128   0.56786   0.04441   0.29072   1.01943   1.01767   0.71604   0.01551   0.12074   0.56698  
 31  0.7958   6542.652522  x:  1.13773   0.41437   0.63468   0.39391   0.18157   0.90875   0.25231   0.20980   0.15591   1.17869   0.51464   0.14510   0.79305   0.35205   0.12488   0.03829   0.06664   0.84586   0.61950   0.03298   0.30170   1.01213   0.86125   0.57825   0.01291   0.10740   0.51384  
 32 12.5442   6531.330163  x:  1.22229   0.42072   0.68745   0.37214   0.18119   0.99479   0.25110   0.24765   0.16818   1.16191   0.61870   0.15482   0.80025   0.36379   0.16337   0.03466   0.07777   0.90633   0.63114   0.02788   0.32500   0.99954   0.88587   0.89900   0.00186   0.10128   0.49400  
 33  0.4825   6526.951139  x:  1.17735   0.45601   0.68070   0.38593   0.17321   0.99757   0.24538   0.22375   0.17317   1.23888   0.57679   0.14311   0.84392   0.36535   0.16429   0.03239   0.08979   0.91949   0.68090   0.03786   0.30962   0.96625   0.83056   1.04007   0.00000   0.09188   0.49137  
 34  0.2574   6522.722886  x:  1.15097   0.51155   0.66348   0.40565   0.17220   1.02510   0.23977   0.19662   0.18301   1.37412   0.51810   0.12926   0.92389   0.37509   0.15795   0.02961   0.09930   0.98243   0.75232   0.04656   0.28880   0.91946   0.52597   1.04270   0.00000   0.08398   0.43707  
 35  0.4818   6520.367636  x:  1.18003   0.52933   0.66692   0.40078   0.17359   1.05764   0.23442   0.17329   0.18256   1.45809   0.46721   0.12817   0.96105   0.37821   0.14773   0.03008   0.10110   1.03085   0.81764   0.05553   0.26874   0.91416   0.60230   0.98808   0.00000   0.09701   0.47284  
 36  0.1633   6520.081279  x:  1.18704   0.53362   0.66775   0.39960   0.17393   1.06548   0.23313   0.16767   0.18245   1.47834   0.45494   0.12791   0.97001   0.37896   0.14526   0.03020   0.10153   1.04252   0.83339   0.05770   0.26390   0.91288   0.62071   0.97490   0.00136   0.10015   0.48147  
 37 14087.2980   6514.518645  x:  1.34983   0.53447   0.80983   0.39396   0.19347   1.21874   0.24145   0.16992   0.17852   1.61430   0.48132   0.14844   1.02376   0.39705   0.13341   0.03559   0.09211   1.13243   0.93748   0.07036   0.24444   0.94179   0.64312   0.85368   0.00095   0.07976   0.47780  
 38  0.2940   6509.637539  x:  1.53939   0.56226   0.90851   0.41090   0.21365   1.37889   0.25542   0.20800   0.19557   1.75799   0.56512   0.15750   1.09924   0.42999   0.14044   0.04135   0.08227   1.24705   1.05101   0.08049   0.22980   0.95540   0.77010   0.83849   0.00377   0.09012   0.42940  
 39  0.3828   6506.488417  x:  1.73778   0.58656   1.00008   0.44664   0.19784   1.61672   0.27051   0.22569   0.21068   1.84253   0.70763   0.14862   1.17464   0.44927   0.14858   0.03800   0.09437   1.35831   1.11461   0.06532   0.28576   0.95301   0.43103   0.76471   0.00042   0.07021   0.38137  
 40  0.2713   6505.715276  x:  1.82773   0.61533   1.03034   0.45872   0.18442   1.76913   0.26978   0.21746   0.21482   1.91348   0.74496   0.13836   1.22487   0.45879   0.13337   0.03540   0.09768   1.43152   1.17720   0.05293   0.30036   0.94077   0.48460   0.73267   0.00181   0.07209   0.38349  
 41  0.1564   6505.501787  x:  1.85528   0.63342   1.03440   0.46911   0.17821   1.86122   0.26779   0.21578   0.21830   1.94210   0.75820   0.13644   1.24499   0.46484   0.13220   0.03328   0.09751   1.46031   1.20211   0.04198   0.31016   0.94142   0.48884   0.74223   0.00117   0.06979   0.37192  
 42  0.0768   6505.424420  x:  1.85071   0.64215   1.03223   0.47926   0.18168   1.91524   0.26696   0.21769   0.22231   1.95057   0.75427   0.14116   1.24956   0.46701   0.13747   0.03265   0.09638   1.46271   1.20783   0.03624   0.31389   0.94742   0.49396   0.75045   0.00135   0.06864   0.36799  
 43  0.0325   6505.374594  x:  1.81561   0.64159   1.01637   0.48575   0.18699   1.94276   0.26630   0.21871   0.22531   1.93563   0.74001   0.14417   1.24056   0.46251   0.13721   0.03278   0.09667   1.44487   1.19267   0.03371   0.31454   0.94962   0.49556   0.75012   0.00136   0.07044   0.37259  
 44  0.0256   6505.351764  x:  1.79962   0.63643   1.01062   0.48415   0.18724   1.95426   0.26718   0.21861   0.22545   1.92368   0.73615   0.14391   1.23335   0.45891   0.13495   0.03323   0.09732   1.43565   1.18244   0.03522   0.31326   0.94515   0.48620   0.73922   0.00129   0.06959   0.37080  
 45  0.0256   6505.345769  x:  1.79880   0.63299   1.01006   0.48091   0.18481   1.95868   0.26737   0.21851   0.22460   1.91962   0.73777   0.14372   1.23013   0.45821   0.13539   0.03353   0.09721   1.43584   1.18040   0.03775   0.31146   0.94481   0.49285   0.75250   0.00129   0.06981   0.37399  
 46  0.0162   6505.341964  x:  1.80135   0.63047   1.01149   0.47713   0.18210   1.96557   0.26760   0.21815   0.22356   1.91978   0.74044   0.14358   1.22911   0.45841   0.13620   0.03372   0.09722   1.43937   1.18074   0.04054   0.30912   0.94453   0.49271   0.74895   0.00134   0.06993   0.37245  
 47  0.0103   6505.341060  x:  1.80301   0.63054   1.01318   0.47627   0.18142   1.97092   0.26724   0.21812   0.22310   1.92074   0.74165   0.14363   1.22914   0.45879   0.13633   0.03369   0.09698   1.44131   1.18063   0.04118   0.30794   0.94558   0.49135   0.74722   0.00131   0.06984   0.37268  
 48  0.0045   6505.340830  x:  1.80345   0.63061   1.01426   0.47597   0.18195   1.97029   0.26708   0.21820   0.22291   1.91995   0.74204   0.14355   1.22855   0.45883   0.13594   0.03367   0.09693   1.44089   1.17901   0.04153   0.30705   0.94573   0.49134   0.74774   0.00132   0.06987   0.37281  
 49  0.0014   6505.340800  x:  1.80432   0.63081   1.01456   0.47608   0.18205   1.97032   0.26713   0.21820   0.22297   1.91980   0.74229   0.14363   1.22857   0.45882   0.13605   0.03363   0.09700   1.44077   1.17853   0.04160   0.30700   0.94561   0.49083   0.74791   0.00131   0.06984   0.37270  
 50  0.0006   6505.340793  x:  1.80456   0.63089   1.01445   0.47617   0.18199   1.97052   0.26717   0.21816   0.22301   1.91974   0.74217   0.14368   1.22856   0.45875   0.13603   0.03362   0.09700   1.44061   1.17835   0.04161   0.30701   0.94559   0.49120   0.74777   0.00131   0.06985   0.37276  
 51  0.0003   6505.340792  x:  1.80471   0.63090   1.01440   0.47620   0.18196   1.97047   0.26717   0.21817   0.22303   1.91973   0.74211   0.14369   1.22855   0.45872   0.13603   0.03362   0.09699   1.44053   1.17826   0.04162   0.30701   0.94562   0.49125   0.74782   0.00131   0.06985   0.37275  
 52  0.0001   6505.340792  x:  1.80472   0.63089   1.01438   0.47620   0.18194   1.97045   0.26716   0.21817   0.22303   1.91976   0.74210   0.14367   1.22855   0.45873   0.13603   0.03363   0.09699   1.44054   1.17827   0.04161   0.30701   0.94563   0.49118   0.74781   0.00131   0.06985   0.37276  
 53  0.0000   6505.340792  x:  1.80473   0.63089   1.01438   0.47620   0.18194   1.97046   0.26716   0.21817   0.22303   1.91976   0.74209   0.14368   1.22855   0.45873   0.13603   0.03363   0.09699   1.44054   1.17827   0.04161   0.30701   0.94563   0.49119   0.74781   0.00131   0.06985   0.37276  
 54  0.0000   6505.340792  x:  1.80473   0.63089   1.01438   0.47620   0.18194   1.97046   0.26716   0.21817   0.22303   1.91977   0.74209   0.14368   1.22855   0.45873   0.13603   0.03363   0.09699   1.44054   1.17827   0.04161   0.30701   0.94563   0.49120   0.74782   0.00131   0.06985   0.37276  
 55  0.0000   6505.340792  x:  1.80473   0.63089   1.01438   0.47620   0.18194   1.97047   0.26716   0.21817   0.22303   1.91977   0.74209   0.14368   1.22855   0.45873   0.13603   0.03363   0.09699   1.44054   1.17827   0.04161   0.30701   0.94563   0.49120   0.74782   0.00131   0.06985   0.37276  
 56  0.0000   6505.340792  x:  1.80473   0.63089   1.01439   0.47620   0.18194   1.97047   0.26716   0.21817   0.22303   1.91977   0.74209   0.14368   1.22855   0.45873   0.13603   0.03363   0.09699   1.44054   1.17827   0.04161   0.30701   0.94563   0.49120   0.74782   0.00131   0.06985   0.37276  
 57  0.0000   6505.340792  x:  1.80473   0.63089   1.01439   0.47620   0.18194   1.97047   0.26716   0.21817   0.22304   1.91977   0.74209   0.14368   1.22855   0.45873   0.13603   0.03363   0.09699   1.44054   1.17827   0.04161   0.30701   0.94563   0.49120   0.74782   0.00131   0.06985   0.37276  