Supplemental results for CODEML (seqf: RealPAPNumbered.txt  treef: RealPAPTree.trees)


MLEs of dN/dS (w) for site classes (K=3)

p:   0.66163  0.27574  0.06263
w:   0.00331  0.18747  0.72110

Naive Empirical Bayes (NEB) probabilities for 3 classes & postmean_w
(amino acids refer to 1st sequence: sequence1)

   1 S   0.01146 0.98302 0.00552 ( 2)  0.188
   2 T   0.00000 0.44235 0.55765 ( 3)  0.485
   3 L   0.92414 0.07558 0.00028 ( 1)  0.017
   4 R   0.94283 0.05633 0.00084 ( 1)  0.014
   5 F   0.90877 0.09077 0.00046 ( 1)  0.020
   6 V   0.97132 0.02866 0.00001 ( 1)  0.009
   7 A   0.93655 0.06325 0.00020 ( 1)  0.015
   8 V   0.36544 0.63323 0.00132 ( 2)  0.121
   9 G   0.91174 0.08774 0.00052 ( 1)  0.020
  10 D   0.99133 0.00867 0.00000 ( 1)  0.005
  11 W   0.90979 0.08984 0.00038 ( 1)  0.020
  12 G   0.85158 0.14524 0.00319 ( 1)  0.032
  13 G   0.96858 0.03140 0.00002 ( 1)  0.009
  14 V   0.55525 0.44447 0.00029 ( 1)  0.085
  15 P   0.98265 0.01735 0.00000 ( 1)  0.007
  16 N   0.93185 0.06797 0.00018 ( 1)  0.016
  17 A   0.98926 0.01074 0.00000 ( 1)  0.005
  18 P   0.93317 0.06657 0.00026 ( 1)  0.016
  19 F   0.98494 0.01506 0.00000 ( 1)  0.006
  20 H   0.00001 0.98017 0.01982 ( 2)  0.198
  21 T   0.85523 0.14182 0.00295 ( 1)  0.032
  22 A   0.58157 0.41828 0.00015 ( 1)  0.080
  23 R   0.95275 0.04721 0.00005 ( 1)  0.012
  24 E   0.90126 0.09807 0.00066 ( 1)  0.022
  25 M   0.00000 0.97667 0.02332 ( 2)  0.200
  26 A   0.98926 0.01074 0.00000 ( 1)  0.005
  27 N   0.94227 0.05761 0.00013 ( 1)  0.014
  28 A   0.97718 0.02281 0.00001 ( 1)  0.008
  29 K   0.95178 0.04816 0.00006 ( 1)  0.012
  30 E   0.30333 0.69438 0.00230 ( 2)  0.133
  31 I   0.28596 0.70998 0.00406 ( 2)  0.137
  32 A   0.48929 0.51041 0.00030 ( 2)  0.098
  33 R   0.18756 0.80286 0.00958 ( 2)  0.158
  34 T   0.00658 0.96778 0.02563 ( 2)  0.200
  35 V   0.00952 0.98330 0.00718 ( 2)  0.190
  36 Q   0.00496 0.97391 0.02113 ( 2)  0.198
  37 I   0.00991 0.98415 0.00593 ( 2)  0.189
  38 M   0.00006 0.86681 0.13312 ( 2)  0.258
  39 G   0.96786 0.03212 0.00002 ( 1)  0.009
  40 A   0.00003 0.60282 0.39715 ( 2)  0.399
  41 D   0.62185 0.37804 0.00011 ( 1)  0.073
  42 F   0.98495 0.01505 0.00000 ( 1)  0.006
  43 I   0.02417 0.97497 0.00085 ( 2)  0.183
  44 M   0.00364 0.94523 0.05113 ( 2)  0.214
  45 S   0.96895 0.03104 0.00001 ( 1)  0.009
  46 L   0.91955 0.08011 0.00034 ( 1)  0.018
  47 G   0.96769 0.03229 0.00001 ( 1)  0.009
  48 D   0.99133 0.00867 0.00000 ( 1)  0.005
  49 N   0.97052 0.02947 0.00002 ( 1)  0.009
  50 F   0.97783 0.02217 0.00000 ( 1)  0.007
  51 Y   0.98342 0.01658 0.00000 ( 1)  0.006
  52 F   0.98360 0.01640 0.00000 ( 1)  0.006
  53 T   0.00000 0.10252 0.89748 ( 3)  0.666
  54 G   0.93183 0.06790 0.00026 ( 1)  0.016
  55 V   0.96916 0.03082 0.00002 ( 1)  0.009
  56 H   0.00000 0.29511 0.70489 ( 3)  0.564
  57 D   0.00672 0.97723 0.01605 ( 2)  0.195
  58 A   0.00001 0.98826 0.01173 ( 2)  0.194
  59 N   0.00000 0.39220 0.60780 ( 3)  0.512
  60 D   0.99133 0.00867 0.00000 ( 1)  0.005
  61 K   0.97501 0.02498 0.00001 ( 1)  0.008
  62 R   0.96191 0.03806 0.00003 ( 1)  0.010
  63 F   0.97273 0.02726 0.00001 ( 1)  0.008
  64 Q   0.23344 0.76279 0.00377 ( 2)  0.146
  65 E   0.97802 0.02197 0.00001 ( 1)  0.007
  66 T   0.98728 0.01272 0.00000 ( 1)  0.006
  67 F   0.93598 0.06387 0.00016 ( 1)  0.015
  68 E   0.97925 0.02075 0.00000 ( 1)  0.007
  69 D   0.00000 0.67939 0.32061 ( 2)  0.359
  70 V   0.96890 0.03108 0.00002 ( 1)  0.009
  71 F   0.98574 0.01426 0.00000 ( 1)  0.006
  72 S   0.00130 0.75464 0.24406 ( 2)  0.317
  73 D   0.00037 0.99136 0.00827 ( 2)  0.192
  74 R   0.00000 0.05244 0.94756 ( 3)  0.693
  75 A   0.00000 0.41800 0.58200 ( 3)  0.498
  76 L   0.97786 0.02214 0.00001 ( 1)  0.007
  77 R   0.01301 0.98471 0.00228 ( 2)  0.186
  78 N   0.00000 0.73261 0.26739 ( 2)  0.330
  79 I   0.01214 0.98135 0.00651 ( 2)  0.189
  80 P   0.98265 0.01735 0.00000 ( 1)  0.007
  81 W   0.90979 0.08984 0.00038 ( 1)  0.020
  82 Y   0.97285 0.02714 0.00001 ( 1)  0.008
  83 V   0.97217 0.02782 0.00001 ( 1)  0.008
  84 L   0.91911 0.08055 0.00035 ( 1)  0.018
  85 A   0.90114 0.09808 0.00078 ( 1)  0.022
  86 G   0.97014 0.02985 0.00001 ( 1)  0.009
  87 N   0.99159 0.00841 0.00000 ( 1)  0.005
  88 H   0.95425 0.04569 0.00005 ( 1)  0.012
  89 D   0.99036 0.00964 0.00000 ( 1)  0.005
  90 H   0.97023 0.02975 0.00002 ( 1)  0.009
  91 L   0.15371 0.82807 0.01822 ( 2)  0.169
  92 G   0.98494 0.01505 0.00000 ( 1)  0.006
  93 N   0.98325 0.01675 0.00000 ( 1)  0.006
  94 V   0.98852 0.01148 0.00000 ( 1)  0.005
  95 S   0.85157 0.14524 0.00319 ( 1)  0.032
  96 A   0.91457 0.08480 0.00063 ( 1)  0.019
  97 Q   0.91029 0.08927 0.00044 ( 1)  0.020
  98 I   0.96259 0.03738 0.00004 ( 1)  0.010
  99 A   0.98597 0.01402 0.00000 ( 1)  0.006
 100 Y   0.97661 0.02339 0.00001 ( 1)  0.008
 101 S   0.97417 0.02583 0.00001 ( 1)  0.008
 102 K   0.00000 0.79884 0.20116 ( 2)  0.295
 103 I   0.00049 0.99735 0.00217 ( 2)  0.189
 104 S   0.97607 0.02393 0.00000 ( 1)  0.008
 105 K   0.40694 0.59252 0.00054 ( 2)  0.113
 106 R   0.97686 0.02313 0.00000 ( 1)  0.008
 107 W   0.90979 0.08984 0.00038 ( 1)  0.020
 108 N   0.02937 0.96993 0.00070 ( 2)  0.182
 109 F   0.98574 0.01426 0.00000 ( 1)  0.006
 110 P   0.97650 0.02350 0.00001 ( 1)  0.008
 111 S   0.98628 0.01371 0.00000 ( 1)  0.006
 112 P   0.88482 0.11392 0.00126 ( 1)  0.025
 113 Y   0.00023 0.98783 0.01193 ( 2)  0.194
 114 Y   0.98239 0.01761 0.00000 ( 1)  0.007
 115 R   0.95402 0.04592 0.00006 ( 1)  0.012
 116 L   0.91948 0.08018 0.00034 ( 1)  0.018
 117 R   0.00023 0.98471 0.01505 ( 2)  0.195
 118 F   0.98384 0.01616 0.00000 ( 1)  0.006
 119 K   0.17105 0.81660 0.01235 ( 2)  0.163
 120 V   0.00001 0.97790 0.02209 ( 2)  0.199
 121 P   0.85309 0.14388 0.00304 ( 1)  0.032
 122 R   0.00644 0.98143 0.01212 ( 2)  0.193
 123 S   0.00000 0.89736 0.10264 ( 2)  0.242
 124 N   0.98936 0.01064 0.00000 ( 1)  0.005
 125 I   0.00011 0.93629 0.06360 ( 2)  0.221
 126 T   0.00000 0.88548 0.11451 ( 2)  0.249
 127 V   0.97217 0.02782 0.00001 ( 1)  0.008
 128 A   0.98926 0.01074 0.00000 ( 1)  0.005
 129 I   0.98928 0.01072 0.00000 ( 1)  0.005
 130 F   0.46868 0.53105 0.00026 ( 2)  0.101
 131 M   0.98373 0.01627 0.00000 ( 1)  0.006
 132 L   0.92358 0.07613 0.00029 ( 1)  0.018
 133 D   0.99133 0.00867 0.00000 ( 1)  0.005
 134 T   0.91281 0.08666 0.00053 ( 1)  0.020
 135 V   0.97217 0.02782 0.00001 ( 1)  0.008
 136 M   0.00017 0.98015 0.01967 ( 2)  0.198
 137 L   0.91780 0.08184 0.00036 ( 1)  0.019
 138 C   0.90978 0.08975 0.00047 ( 1)  0.020
 139 G   0.98906 0.01094 0.00000 ( 1)  0.005
 140 N   0.99086 0.00914 0.00000 ( 1)  0.005
 141 S   0.89889 0.10035 0.00077 ( 1)  0.022
 142 D   0.49209 0.50750 0.00040 ( 2)  0.097
 143 D   0.99133 0.00867 0.00000 ( 1)  0.005
 144 F   0.94135 0.05853 0.00012 ( 1)  0.014
 145 V   0.00000 0.00366 0.99634 ( 3)  0.719
 146 S   0.98624 0.01376 0.00000 ( 1)  0.006
 147 Q   0.23183 0.76431 0.00386 ( 2)  0.147
 148 Q   0.94539 0.05454 0.00007 ( 1)  0.013
 149 P   0.97588 0.02411 0.00001 ( 1)  0.008
 150 E   0.00000 0.60379 0.39621 ( 2)  0.399
 151 M   0.00014 0.97473 0.02513 ( 2)  0.201
 152 P   0.98265 0.01735 0.00000 ( 1)  0.007
 153 R   0.92295 0.07674 0.00031 ( 1)  0.018
 154 D   0.00001 0.98997 0.01002 ( 2)  0.193
 155 L   0.00001 0.54638 0.45361 ( 2)  0.430
 156 G   0.00000 0.00138 0.99862 ( 3)  0.720
 157 V   0.00000 0.14349 0.85651 ( 3)  0.645
 158 A   0.98907 0.01093 0.00000 ( 1)  0.005
 159 R   0.97738 0.02262 0.00000 ( 1)  0.007
 160 T   0.18049 0.80712 0.01239 ( 2)  0.161
 161 Q   0.94189 0.05802 0.00009 ( 1)  0.014
 162 L   0.17843 0.81066 0.01091 ( 2)  0.160
 163 S   0.00000 0.82357 0.17643 ( 2)  0.282
 164 W   0.90979 0.08984 0.00038 ( 1)  0.020
 165 L   0.01676 0.98072 0.00253 ( 2)  0.186
 166 K   0.96052 0.03945 0.00003 ( 1)  0.011
 167 K   0.29250 0.70569 0.00180 ( 2)  0.135
 168 Q   0.22894 0.76709 0.00398 ( 2)  0.147
 169 L   0.92270 0.07701 0.00030 ( 1)  0.018
 170 A   0.18999 0.79702 0.01298 ( 2)  0.159
 171 A   0.19714 0.79407 0.00878 ( 2)  0.156
 172 A   0.98926 0.01074 0.00000 ( 1)  0.005
 173 K   0.42658 0.57304 0.00039 ( 2)  0.109
 174 E   0.97802 0.02197 0.00001 ( 1)  0.007
 175 D   0.99133 0.00867 0.00000 ( 1)  0.005
 176 Y   0.97604 0.02395 0.00001 ( 1)  0.008
 177 V   0.00783 0.98080 0.01138 ( 2)  0.192
 178 L   0.92521 0.07442 0.00037 ( 1)  0.017
 179 V   0.97217 0.02782 0.00001 ( 1)  0.008
 180 A   0.98265 0.01735 0.00000 ( 1)  0.007
 181 G   0.98824 0.01175 0.00000 ( 1)  0.005
 182 H   0.98649 0.01351 0.00000 ( 1)  0.006
 183 Y   0.98342 0.01658 0.00000 ( 1)  0.006
 184 P   0.97213 0.02786 0.00001 ( 1)  0.008
 185 I   0.00021 0.98325 0.01654 ( 2)  0.196
 186 W   0.90979 0.08984 0.00038 ( 1)  0.020
 187 S   0.97507 0.02492 0.00000 ( 1)  0.008
 188 I   0.96342 0.03656 0.00002 ( 1)  0.010
 189 A   0.97328 0.02670 0.00002 ( 1)  0.008
 190 E   0.97802 0.02197 0.00001 ( 1)  0.007
 191 H   0.38358 0.61529 0.00114 ( 2)  0.117
 192 G   0.95825 0.04171 0.00004 ( 1)  0.011
 193 P   0.98018 0.01982 0.00000 ( 1)  0.007
 194 T   0.98728 0.01272 0.00000 ( 1)  0.006
 195 R   0.00027 0.99175 0.00798 ( 2)  0.192
 196 C   0.97724 0.02276 0.00000 ( 1)  0.007
 197 L   0.92269 0.07701 0.00029 ( 1)  0.018
 198 V   0.98852 0.01148 0.00000 ( 1)  0.005
 199 K   0.00321 0.91961 0.07718 ( 2)  0.228
 200 N   0.00000 0.07137 0.92863 ( 3)  0.683
 201 L   0.91699 0.08264 0.00038 ( 1)  0.019
 202 R   0.00000 0.06951 0.93049 ( 3)  0.684
 203 P   0.82330 0.17095 0.00575 ( 1)  0.039
 204 L   0.92467 0.07505 0.00027 ( 1)  0.017
 205 L   0.91970 0.07994 0.00036 ( 1)  0.018
 206 A   0.00000 0.93336 0.06664 ( 2)  0.223
 207 A   0.00000 0.68315 0.31685 ( 2)  0.357
 208 Y   0.00028 0.99273 0.00700 ( 2)  0.191
 209 G   0.00000 0.14996 0.85004 ( 3)  0.641
 210 V   0.98852 0.01148 0.00000 ( 1)  0.005
 211 T   0.96407 0.03591 0.00002 ( 1)  0.010
 212 A   0.98771 0.01229 0.00000 ( 1)  0.006
 213 Y   0.98342 0.01658 0.00000 ( 1)  0.006
 214 L   0.92709 0.07267 0.00024 ( 1)  0.017
 215 C   0.00169 0.82357 0.17474 ( 2)  0.280
 216 G   0.97618 0.02381 0.00001 ( 1)  0.008
 217 H   0.96229 0.03767 0.00004 ( 1)  0.010
 218 D   0.98646 0.01353 0.00000 ( 1)  0.006
 219 H   0.98649 0.01351 0.00000 ( 1)  0.006
 220 N   0.98883 0.01117 0.00000 ( 1)  0.005
 221 L   0.90854 0.09090 0.00056 ( 1)  0.020
 222 Q   0.94539 0.05454 0.00007 ( 1)  0.013
 223 Y   0.96737 0.03261 0.00002 ( 1)  0.009
 224 L   0.89779 0.10128 0.00092 ( 1)  0.023
 225 Q   0.94149 0.05842 0.00009 ( 1)  0.014
 226 D   0.93490 0.06490 0.00020 ( 1)  0.015
 227 E   0.97925 0.02075 0.00000 ( 1)  0.007
 228 N   0.95918 0.04077 0.00004 ( 1)  0.011
 229 G   0.97539 0.02460 0.00001 ( 1)  0.008
 230 V   0.00000 0.84274 0.15725 ( 2)  0.271
 231 G   0.98906 0.01094 0.00000 ( 1)  0.005
 232 Y   0.00014 0.95973 0.04013 ( 2)  0.209
 233 V   0.00333 0.95675 0.03992 ( 2)  0.208
 234 L   0.92374 0.07598 0.00028 ( 1)  0.018
 235 S   0.96466 0.03532 0.00002 ( 1)  0.010
 236 G   0.97092 0.02907 0.00001 ( 1)  0.009
 237 A   0.95367 0.04623 0.00010 ( 1)  0.012
 238 G   0.97446 0.02554 0.00001 ( 1)  0.008
 239 N   0.99026 0.00974 0.00000 ( 1)  0.005
 240 F   0.98574 0.01426 0.00000 ( 1)  0.006
 241 M   0.98373 0.01627 0.00000 ( 1)  0.006
 242 D   0.99133 0.00867 0.00000 ( 1)  0.005
 243 P   0.97534 0.02465 0.00001 ( 1)  0.008
 244 S   0.94766 0.05227 0.00007 ( 1)  0.013
 245 V   0.00000 0.11093 0.88907 ( 3)  0.662
 246 R   0.00000 0.21381 0.78619 ( 3)  0.607
 247 H   0.97984 0.02015 0.00001 ( 1)  0.007
 248 Q   0.00000 0.00042 0.99958 ( 3)  0.721
 249 R   0.46260 0.53713 0.00026 ( 2)  0.102
 250 K   0.01318 0.98427 0.00255 ( 2)  0.186
 251 V   0.98182 0.01818 0.00000 ( 1)  0.007
 252 P   0.98265 0.01735 0.00000 ( 1)  0.007
 253 N   0.00022 0.97407 0.02571 ( 2)  0.201
 254 G   0.98906 0.01094 0.00000 ( 1)  0.005
 255 Y   0.98098 0.01902 0.00000 ( 1)  0.007
 256 L   0.93013 0.06963 0.00024 ( 1)  0.016
 257 R   0.98131 0.01869 0.00000 ( 1)  0.007
 258 F   0.97197 0.02802 0.00001 ( 1)  0.008
 259 H   0.98649 0.01351 0.00000 ( 1)  0.006
 260 Y   0.91834 0.08128 0.00038 ( 1)  0.019
 261 G   0.95476 0.04519 0.00005 ( 1)  0.012
 262 S   0.00000 0.52908 0.47092 ( 2)  0.439
 263 E   0.97699 0.02300 0.00001 ( 1)  0.008
 264 D   0.00000 0.95720 0.04280 ( 2)  0.210
 265 S   0.93137 0.06837 0.00026 ( 1)  0.016
 266 L   0.92509 0.07464 0.00027 ( 1)  0.017
 267 G   0.91176 0.08777 0.00046 ( 1)  0.020
 268 G   0.98906 0.01094 0.00000 ( 1)  0.005
 269 F   0.97205 0.02794 0.00001 ( 1)  0.008
 270 T   0.00000 0.90967 0.09033 ( 2)  0.236
 271 Y   0.41085 0.58848 0.00067 ( 2)  0.112
 272 V   0.29447 0.70285 0.00268 ( 2)  0.135
 273 E   0.97925 0.02075 0.00000 ( 1)  0.007
 274 I   0.98109 0.01891 0.00000 ( 1)  0.007
 275 G   0.01913 0.98006 0.00081 ( 2)  0.184
 276 S   0.00030 0.99235 0.00735 ( 2)  0.191
 277 K   0.88966 0.10941 0.00092 ( 1)  0.024
 278 E   0.96953 0.03045 0.00002 ( 1)  0.009
 279 M   0.98373 0.01627 0.00000 ( 1)  0.006
 280 S   0.01155 0.98498 0.00348 ( 2)  0.187
 281 I   0.00000 0.96935 0.03065 ( 2)  0.204
 282 T   0.94948 0.05043 0.00009 ( 1)  0.013
 283 Y   0.96513 0.03485 0.00002 ( 1)  0.010
 284 V   0.00000 0.90358 0.09642 ( 2)  0.239
 285 E   0.94334 0.05654 0.00012 ( 1)  0.014
 286 A   0.98084 0.01915 0.00000 ( 1)  0.007
 287 S   0.19356 0.79905 0.00739 ( 2)  0.156
 288 G   0.97442 0.02557 0.00001 ( 1)  0.008
 289 K   0.96052 0.03945 0.00003 ( 1)  0.011
 290 S   0.94807 0.05186 0.00007 ( 1)  0.013
 291 L   0.98263 0.01737 0.00000 ( 1)  0.007
 292 F   0.98360 0.01640 0.00000 ( 1)  0.006
 293 K   0.97749 0.02251 0.00000 ( 1)  0.007
 294 T   0.98728 0.01272 0.00000 ( 1)  0.006
 295 S   0.00000 0.54068 0.45932 ( 2)  0.433
 296 L   0.94795 0.05196 0.00009 ( 1)  0.013
 297 P   0.96598 0.03400 0.00002 ( 1)  0.010
 298 R   0.32313 0.67570 0.00118 ( 2)  0.129
 299 R   0.00001 0.30024 0.69975 ( 3)  0.561
 300 P   0.00000 0.94748 0.05252 ( 2)  0.215

Positively selected sites

	Prob(w>1)  mean w



lnL = -4856.571435

