

TREE # 1

  0  0.0000   6036.627401  x:  0.10940   0.02246   0.09022   0.10761   0.05829   0.02240   0.10101   0.05507   0.01470   0.03153   0.09004   0.10983   0.10599   0.01953   0.03726   0.08852   0.06828   0.07312   0.05611   0.03149   0.06486   0.05195   0.02310   0.10838   0.10322   0.05917   4.00000   0.95378   0.68377   0.20000   0.50955   0.69263  
  1 99.0000   5354.129615  x:  0.13677   0.04984   0.07923   0.13269   0.05468   0.01089   0.15381   0.10051   0.59976   0.21669   0.12178   0.10053   0.15301   0.14654   0.04650   0.07074   0.10256   0.08665   0.09831   0.03947   0.04867   0.03001   0.00000   0.08731   0.20350   0.17501   3.99990   0.96284   0.67883   0.13403   0.48292   0.68926  
  2 6771.1345   5149.066648  x:  0.14790   0.06096   0.06772   0.14825   0.05277   0.00000   0.18038   0.11108   0.58435   0.22496   0.15373   0.08752   0.17605   0.15310   0.05282   0.05242   0.12446   0.09803   0.12038   0.04367   0.03854   0.00352   0.00000   0.06210   0.25502   0.21336   3.99997   0.97536   0.67165   0.01598   0.45859   0.68550  
  3 1364.1768   5132.350718  x:  0.14866   0.06173   0.06681   0.14963   0.05286   0.00775   0.18181   0.11294   0.58332   0.22654   0.15563   0.08646   0.17815   0.15395   0.05263   0.05058   0.12518   0.09879   0.12148   0.04401   0.04023   0.00000   0.00000   0.05923   0.25756   0.21559   3.99991   0.97835   0.67007   0.00258   0.45335   0.68337  
  4 3020.3552   5069.069935  x:  0.15953   0.07259   0.04662   0.17197   0.04767   0.03163   0.20027   0.14417   0.55506   0.25317   0.18650   0.06396   0.21463   0.16557   0.04298   0.01188   0.13329   0.10984   0.13778   0.04689   0.06922   0.00000   0.00000   0.00000   0.29859   0.25166   3.99886   1.03522   0.64146   0.01536   0.33531   0.63690  
  5 748.5069   5069.069935  x:  0.15953   0.07259   0.04662   0.17197   0.04767   0.03163   0.20027   0.14417   0.55506   0.25317   0.18650   0.06396   0.21463   0.16557   0.04298   0.01188   0.13329   0.10984   0.13778   0.04689   0.06922   0.00000   0.00000   0.00000   0.29859   0.25166   3.99886   1.03522   0.64146   0.01536   0.33531   0.63690  
  6 5468.1625   5049.307600  x:  0.15953   0.07259   0.04662   0.17197   0.04767   0.03162   0.20027   0.14417   0.55506   0.25317   0.18651   0.06396   0.21463   0.16557   0.04298   0.01188   0.13329   0.10984   0.13778   0.04689   0.06922   0.00088   0.00142   0.00962   0.29859   0.25166   3.99885   1.03523   0.64146   0.01534   0.33531   0.63690  
  7 588508.6692   5043.783734  x:  0.15969   0.07275   0.04628   0.17221   0.04748   0.03108   0.20068   0.14439   0.55516   0.25348   0.18713   0.06360   0.21505   0.16574   0.04301   0.01137   0.13366   0.11003   0.13821   0.04686   0.06879   0.00000   0.00060   0.00982   0.29956   0.25241   3.99885   1.03563   0.64127   0.01132   0.33440   0.63671  
  8 1191.2803   5042.738603  x:  0.15979   0.07285   0.04603   0.17238   0.04732   0.03068   0.20095   0.14455   0.55526   0.25370   0.18757   0.06333   0.21534   0.16585   0.04301   0.01101   0.13389   0.11015   0.13850   0.04681   0.06849   0.00000   0.00000   0.00992   0.30021   0.25293   3.99885   1.03592   0.64115   0.01132   0.33353   0.63649  
  9 788.0527   5027.463070  x:  0.15694   0.07000   0.03700   0.17101   0.03929   0.02105   0.19676   0.14657   0.55808   0.25729   0.19120   0.05281   0.21622   0.16436   0.03628   0.00000   0.12789   0.10782   0.13611   0.04924   0.06743   0.00000   0.00000   0.01122   0.29827   0.25475   3.99865   1.04259   0.64053   0.00895   0.29863   0.62977  
 10 573.0751   4986.045463  x:  0.14970   0.06276   0.01419   0.16479   0.01574   0.00000   0.18110   0.15101   0.56469   0.26442   0.20445   0.02429   0.21478   0.15876   0.02296   0.00000   0.11609   0.10631   0.13484   0.04553   0.06165   0.00000   0.00000   0.01397   0.29009   0.25628   3.99796   1.05882   0.64338   0.00101   0.18283   0.60937  
 11 8769.0409   4980.995987  x:  0.14876   0.06182   0.01149   0.16435   0.01307   0.00194   0.17959   0.15204   0.56565   0.26572   0.20609   0.02151   0.21526   0.15819   0.02082   0.00000   0.11407   0.10534   0.13397   0.04667   0.06069   0.00000   0.00000   0.01436   0.28990   0.25734   3.99787   1.06089   0.64380   0.00000   0.16797   0.60621  
 12 3052.8608   4974.743631  x:  0.14723   0.06029   0.01190   0.16386   0.01017   0.00000   0.17576   0.15429   0.56678   0.26774   0.20813   0.02647   0.21701   0.15711   0.01794   0.00000   0.10976   0.10163   0.13004   0.05088   0.05704   0.00000   0.00000   0.01484   0.29097   0.26061   3.99773   1.06119   0.64781   0.00000   0.14288   0.59730  
 13 955.3523   4974.743631  x:  0.14723   0.06029   0.01190   0.16386   0.01017   0.00000   0.17576   0.15429   0.56678   0.26774   0.20813   0.02647   0.21701   0.15711   0.01794   0.00000   0.10976   0.10163   0.13004   0.05088   0.05704   0.00000   0.00000   0.01484   0.29097   0.26061   3.99773   1.06119   0.64781   0.00000   0.14288   0.59730  
 14 337.4915   4945.316614  x:  0.15382   0.06689   0.00499   0.17178   0.00573   0.00535   0.19004   0.16211   0.56901   0.27637   0.23155   0.01883   0.23035   0.16225   0.02401   0.00000   0.12798   0.11105   0.14834   0.04334   0.03907   0.00000   0.00000   0.00131   0.32651   0.28674   3.99747   1.07052   0.64586   0.00000   0.10693   0.58753  
 15 505.5612   4926.604950  x:  0.15846   0.07152   0.00000   0.17739   0.00245   0.00844   0.20009   0.16768   0.57062   0.28253   0.24820   0.01338   0.23986   0.16588   0.02814   0.00000   0.14076   0.11764   0.16123   0.03813   0.02645   0.00000   0.00129   0.00496   0.35181   0.30538   3.99729   1.07713   0.64451   0.00000   0.08142   0.58045  
 16 8520.9625   4925.634281  x:  0.15849   0.07156   0.00000   0.17754   0.00198   0.00718   0.20024   0.16793   0.57072   0.28286   0.24890   0.01313   0.24030   0.16594   0.02783   0.00000   0.14084   0.11762   0.16148   0.03851   0.02693   0.00000   0.00000   0.00522   0.35294   0.30626   3.99729   1.07733   0.64454   0.00000   0.08106   0.57974  
 17 467.7077   4923.343480  x:  0.15791   0.07097   0.00000   0.17778   0.00000   0.00581   0.19971   0.16975   0.57142   0.28485   0.25241   0.01344   0.24239   0.16585   0.02486   0.00000   0.13891   0.11646   0.16112   0.03711   0.02507   0.00000   0.00000   0.00706   0.35708   0.31057   3.99731   1.07779   0.64513   0.00000   0.08409   0.57377  
 18 312.2115   4914.961646  x:  0.15185   0.06491   0.00000   0.17776   0.00000   0.03154   0.18696   0.19328   0.58010   0.30642   0.28823   0.02676   0.25985   0.16548   0.00000   0.00000   0.11654   0.11184   0.15582   0.04561   0.03985   0.00000   0.00000   0.00587   0.38461   0.34809   3.99753   1.08401   0.65080   0.00000   0.09903   0.50950  
 19 210.9788   4914.961646  x:  0.15185   0.06491   0.00000   0.17776   0.00000   0.03154   0.18696   0.19328   0.58010   0.30642   0.28823   0.02676   0.25985   0.16548   0.00000   0.00000   0.11654   0.11184   0.15582   0.04561   0.03985   0.00000   0.00000   0.00587   0.38461   0.34809   3.99753   1.08401   0.65080   0.00000   0.09903   0.50950  
 20 152.1133   4905.584090  x:  0.15491   0.06798   0.00000   0.17984   0.00000   0.00000   0.19316   0.19949   0.58306   0.31345   0.30629   0.01572   0.26896   0.16902   0.00404   0.00000   0.13406   0.12193   0.17119   0.04054   0.02499   0.00000   0.00000   0.05331   0.41142   0.36753   3.99746   1.09139   0.64909   0.00000   0.06899   0.50035  
 21 379.6278   4894.002813  x:  0.15759   0.07065   0.00000   0.18174   0.00000   0.00000   0.20257   0.20942   0.58793   0.32455   0.33423   0.00000   0.28302   0.17351   0.00994   0.00000   0.15449   0.13337   0.19182   0.03976   0.01899   0.00000   0.00000   0.03506   0.45357   0.39855   3.99742   1.10081   0.64733   0.00000   0.04230   0.48130  
 22 333.9556   4894.002813  x:  0.15759   0.07065   0.00000   0.18174   0.00000   0.00000   0.20257   0.20942   0.58793   0.32455   0.33423   0.00000   0.28302   0.17351   0.00994   0.00000   0.15449   0.13337   0.19182   0.03976   0.01899   0.00000   0.00000   0.03506   0.45357   0.39855   3.99742   1.10081   0.64733   0.00000   0.04230   0.48130  
 23 441.3910   4885.657899  x:  0.15591   0.06897   0.00000   0.18046   0.00000   0.00000   0.20219   0.21110   0.58909   0.32663   0.33925   0.00436   0.28571   0.17384   0.00855   0.00000   0.15308   0.13217   0.19293   0.04255   0.02905   0.00000   0.00000   0.00829   0.46173   0.40471   3.99756   1.10074   0.64748   0.00000   0.06811   0.47287  
 24 344.3974   4879.563329  x:  0.14989   0.06295   0.00000   0.17685   0.00000   0.00000   0.20565   0.23310   0.60307   0.35066   0.39064   0.02164   0.31396   0.18101   0.00000   0.00000   0.15111   0.13024   0.20857   0.04460   0.02687   0.00000   0.00000   0.03708   0.54131   0.46678   3.99836   1.11452   0.64419   0.00000   0.10300   0.42280  
 25 141.6270   4868.266192  x:  0.14790   0.06096   0.00000   0.17450   0.00000   0.00000   0.21058   0.27124   0.62835   0.39072   0.47090   0.01326   0.35518   0.19028   0.00000   0.00000   0.15608   0.13790   0.23294   0.04581   0.01491   0.00000   0.00000   0.01179   0.66164   0.56263   3.99977   1.14530   0.63356   0.00000   0.07771   0.37020  
 26 384.5339   4867.149491  x:  0.14746   0.06052   0.00000   0.17344   0.00000   0.00000   0.20877   0.27666   0.63292   0.39649   0.48162   0.00677   0.35949   0.18996   0.00000   0.00000   0.15637   0.13977   0.23476   0.04787   0.02844   0.00000   0.00000   0.01251   0.67761   0.57554   4.00028   1.15017   0.63117   0.00000   0.07387   0.36832  
 27 251.2903   4866.409391  x:  0.14676   0.05982   0.00000   0.17166   0.00000   0.00000   0.20377   0.27963   0.63709   0.39981   0.48671   0.00000   0.35973   0.18791   0.00000   0.00000   0.15563   0.14149   0.23290   0.04466   0.02808   0.00000   0.00000   0.01322   0.68504   0.58179   4.00112   1.15332   0.62853   0.00000   0.07751   0.37528  
 28 88.0882   4864.465353  x:  0.14502   0.05809   0.00000   0.16354   0.00000   0.00000   0.17471   0.29463   0.66189   0.41649   0.51082   0.01249   0.35922   0.18306   0.00000   0.00000   0.15135   0.15265   0.22129   0.04220   0.02935   0.00000   0.00000   0.01345   0.71860   0.61107   4.00673   1.17335   0.61172   0.00000   0.08593   0.42724  
 29 142.6081   4863.947978  x:  0.14886   0.06192   0.00000   0.16741   0.00000   0.00000   0.17683   0.29950   0.67387   0.42130   0.51758   0.01022   0.35690   0.18320   0.00000   0.00000   0.15440   0.15131   0.21999   0.05723   0.02559   0.00000   0.00000   0.01489   0.72620   0.61910   4.01056   1.18564   0.60339   0.00000   0.09309   0.44522  
 30 60.9018   4862.962366  x:  0.15820   0.07126   0.00000   0.18445   0.00000   0.00000   0.20206   0.30834   0.70566   0.42948   0.52904   0.01235   0.35132   0.19188   0.00000   0.00000   0.16611   0.14439   0.22686   0.05003   0.02800   0.00000   0.00000   0.01715   0.73587   0.63247   4.02260   1.22377   0.58133   0.00000   0.10836   0.48176  
 31 64.1163   4862.521901  x:  0.14586   0.05892   0.00000   0.18280   0.00000   0.00000   0.20905   0.30652   0.72725   0.42997   0.52938   0.01088   0.35432   0.19966   0.00000   0.00000   0.16675   0.14642   0.23578   0.05221   0.02735   0.00000   0.00000   0.01790   0.73560   0.63371   4.03444   1.25770   0.56786   0.00000   0.11351   0.49170  
 32 32.0066   4861.803514  x:  0.15401   0.06708   0.00000   0.17269   0.00000   0.00000   0.19989   0.29598   0.76979   0.42784   0.52444   0.00955   0.36708   0.20220   0.00000   0.00000   0.15605   0.15038   0.24449   0.05244   0.02695   0.00000   0.00000   0.01958   0.73154   0.63144   4.06503   1.33765   0.54424   0.00000   0.12218   0.48963  
 33 39.5507   4861.782335  x:  0.15489   0.06795   0.00000   0.17161   0.00000   0.00000   0.19889   0.29483   0.77443   0.42761   0.52390   0.00941   0.36845   0.20245   0.00000   0.00000   0.15490   0.15080   0.24541   0.05246   0.02691   0.00000   0.00000   0.01976   0.73110   0.63120   4.06838   1.34638   0.54167   0.00041   0.12312   0.48939  
 34 2879.5303   4861.371106  x:  0.15196   0.06502   0.00000   0.18071   0.00000   0.00000   0.19049   0.28609   0.80030   0.42795   0.52092   0.01235   0.37048   0.18487   0.00000   0.00000   0.15939   0.14373   0.23015   0.05130   0.02716   0.00000   0.00000   0.02009   0.73140   0.62964   4.09853   1.41095   0.53038   0.00102   0.12600   0.48099  
 35 37.8112   4861.184065  x:  0.15225   0.06531   0.00000   0.17280   0.00000   0.00000   0.19419   0.28392   0.79998   0.43284   0.52183   0.01310   0.35608   0.18666   0.00000   0.00000   0.16016   0.14766   0.21686   0.05105   0.02720   0.00000   0.00000   0.02043   0.73478   0.62873   4.12311   1.44653   0.53409   0.00130   0.12802   0.47728  
 36 16.8295   4860.959038  x:  0.15163   0.06469   0.00000   0.17176   0.00000   0.00000   0.18837   0.28299   0.78645   0.44082   0.52380   0.01322   0.33878   0.18945   0.00000   0.00000   0.15503   0.13656   0.22036   0.05096   0.02711   0.00000   0.00000   0.02029   0.74042   0.62757   4.16170   1.49075   0.54844   0.00154   0.13008   0.47994  
 37 23.0196   4860.656975  x:  0.15298   0.06604   0.00000   0.17689   0.00000   0.00000   0.18167   0.28186   0.76178   0.44877   0.52553   0.01340   0.33440   0.18654   0.00000   0.00000   0.16207   0.14685   0.23157   0.05150   0.02674   0.00000   0.00000   0.02138   0.74609   0.62594   4.22458   1.55740   0.57677   0.00215   0.13836   0.48955  
 38 36.8513   4860.168119  x:  0.15343   0.06650   0.00000   0.17475   0.00000   0.00000   0.19276   0.28387   0.71895   0.45489   0.52874   0.01311   0.35733   0.17849   0.00000   0.00000   0.15227   0.14670   0.22957   0.05216   0.02652   0.00000   0.00000   0.02181   0.75402   0.62762   4.33084   1.65728   0.63663   0.00281   0.14888   0.51717  
 39 52.5614   4859.958529  x:  0.15408   0.06715   0.00000   0.17402   0.00000   0.00000   0.18772   0.28836   0.71314   0.44749   0.52984   0.01103   0.36811   0.19243   0.00000   0.00000   0.16171   0.14063   0.22308   0.05200   0.02681   0.00000   0.00000   0.02184   0.75506   0.63257   4.37969   1.69404   0.67735   0.00296   0.15297   0.52778  
 40 26.6630   4859.245665  x:  0.15299   0.06605   0.00000   0.18379   0.00000   0.00000   0.19019   0.31725   0.74196   0.40422   0.53747   0.00981   0.36130   0.19428   0.00000   0.00000   0.15280   0.14732   0.22634   0.05304   0.02655   0.00000   0.00000   0.02073   0.75529   0.66030   4.54515   1.78785   0.86101   0.00274   0.16108   0.55738  
 41 28.5574   4859.050223  x:  0.15328   0.06634   0.00000   0.17305   0.00000   0.00000   0.19324   0.32183   0.75430   0.40223   0.53966   0.01107   0.36038   0.18636   0.00000   0.00000   0.16132   0.14288   0.23272   0.05307   0.02655   0.00000   0.00000   0.02028   0.75598   0.66341   4.58913   1.81062   0.91627   0.00260   0.16284   0.56688  
 42 47.4017   4858.693938  x:  0.15311   0.06618   0.00000   0.17898   0.00000   0.00000   0.19628   0.31026   0.79178   0.44597   0.54457   0.00975   0.36739   0.19139   0.00000   0.00000   0.16051   0.14461   0.23370   0.05363   0.02659   0.00000   0.00000   0.01942   0.76079   0.64852   4.66371   1.84802   1.03446   0.00232   0.16672   0.58337  
 43 21.1298   4858.646323  x:  0.15344   0.06651   0.00000   0.17972   0.00000   0.00000   0.19788   0.29227   0.79377   0.44527   0.54520   0.00945   0.36627   0.19205   0.00000   0.00000   0.16083   0.14461   0.23426   0.05372   0.02657   0.00000   0.00000   0.01909   0.76517   0.65329   4.66567   1.85476   1.05063   0.00227   0.16714   0.58823  
 44  4.6005   4858.420667  x:  0.15342   0.06650   0.00000   0.17950   0.00000   0.00000   0.19843   0.29295   0.79008   0.45261   0.51263   0.00877   0.36436   0.19201   0.00000   0.00000   0.16048   0.14479   0.23461   0.05371   0.02637   0.00000   0.00000   0.01794   0.77152   0.67200   4.59824   1.93302   1.12263   0.00260   0.17380   0.60242  
 45  2.2373   4857.809411  x:  0.15321   0.06629   0.00000   0.17696   0.00000   0.00000   0.19500   0.29654   0.77714   0.44078   0.54484   0.00632   0.36156   0.18966   0.00000   0.00000   0.15842   0.14421   0.23353   0.05324   0.02602   0.00000   0.00000   0.01508   0.76670   0.65907   4.40076   2.15574   1.31305   0.00366   0.19299   0.63943  
 46 20.3881   4857.619243  x:  0.15293   0.06602   0.00000   0.17668   0.00000   0.00000   0.19544   0.29801   0.77967   0.42926   0.53394   0.00524   0.36141   0.18988   0.00000   0.00000   0.15821   0.14497   0.23331   0.05236   0.02619   0.00000   0.00000   0.01271   0.79438   0.63321   4.41856   2.15174   1.29819   0.00361   0.19129   0.63974  
 47  0.5972   4857.248439  x:  0.15044   0.06354   0.00000   0.17376   0.00000   0.00000   0.19150   0.29415   0.77956   0.44131   0.53818   0.00370   0.36128   0.18835   0.00000   0.00000   0.15704   0.14642   0.23191   0.05048   0.02650   0.00000   0.00000   0.00870   0.76876   0.64642   4.46416   2.13702   1.25934   0.00354   0.18744   0.63090  
 48  4.0171   4856.800760  x:  0.14501   0.05814   0.00000   0.16950   0.00000   0.00000   0.18783   0.28734   0.76982   0.44381   0.53108   0.00089   0.35933   0.18720   0.00000   0.00000   0.15554   0.14942   0.23030   0.04513   0.02615   0.00000   0.00000   0.01111   0.73333   0.63340   4.50399   2.21290   1.32320   0.00318   0.18080   0.64165  
 49  0.1503   4856.644101  x:  0.14618   0.05931   0.00000   0.16994   0.00000   0.00000   0.18609   0.28574   0.75816   0.43730   0.52103   0.00495   0.35556   0.18405   0.00000   0.00000   0.15557   0.14857   0.22633   0.04467   0.02704   0.00000   0.00000   0.01026   0.72640   0.62007   4.48661   2.30888   1.44758   0.00296   0.18214   0.67702  
 50  0.1008   4856.595767  x:  0.14759   0.06072   0.00000   0.16990   0.00000   0.00000   0.18556   0.28368   0.76556   0.44040   0.52121   0.00381   0.35548   0.18494   0.00000   0.00000   0.15472   0.14895   0.22734   0.04671   0.02693   0.00000   0.00000   0.01029   0.72651   0.62331   4.49760   2.37062   1.48743   0.00336   0.18655   0.70209  
 51  0.0608   4856.577309  x:  0.14676   0.05989   0.00000   0.16982   0.00000   0.00000   0.18564   0.28594   0.76305   0.44163   0.52491   0.00330   0.35561   0.18542   0.00000   0.00000   0.15487   0.14885   0.22731   0.04623   0.02718   0.00000   0.00000   0.01037   0.72799   0.62687   4.49769   2.37546   1.50931   0.00325   0.18729   0.71787  
 52  0.0176   4856.572366  x:  0.14671   0.05984   0.00000   0.16986   0.00000   0.00000   0.18570   0.28575   0.76550   0.44277   0.52543   0.00379   0.35601   0.18510   0.00000   0.00000   0.15518   0.14898   0.22724   0.04577   0.02730   0.00000   0.00000   0.01045   0.72935   0.62693   4.49878   2.36522   1.48933   0.00331   0.18741   0.72075  
 53  0.0237   4856.571522  x:  0.14692   0.06005   0.00000   0.17012   0.00000   0.00000   0.18588   0.28580   0.76618   0.44227   0.52493   0.00368   0.35620   0.18527   0.00000   0.00000   0.15525   0.14925   0.22754   0.04604   0.02714   0.00000   0.00000   0.01040   0.72941   0.62624   4.49795   2.35770   1.48310   0.00330   0.18728   0.72137  
 54  0.0075   4856.571441  x:  0.14691   0.06004   0.00000   0.17010   0.00000   0.00000   0.18586   0.28581   0.76599   0.44215   0.52487   0.00369   0.35608   0.18527   0.00000   0.00000   0.15523   0.14920   0.22747   0.04602   0.02712   0.00000   0.00000   0.01041   0.72878   0.62633   4.49755   2.35718   1.48208   0.00331   0.18744   0.72109  
 55  0.0011   4856.571435  x:  0.14690   0.06003   0.00000   0.17010   0.00000   0.00000   0.18588   0.28577   0.76591   0.44210   0.52478   0.00368   0.35605   0.18528   0.00000   0.00000   0.15524   0.14917   0.22746   0.04600   0.02713   0.00000   0.00000   0.01041   0.72880   0.62619   4.49761   2.35734   1.48209   0.00331   0.18746   0.72108  
 56  0.0003   4856.571435  x:  0.14690   0.06003   0.00000   0.17010   0.00000   0.00000   0.18588   0.28577   0.76591   0.44210   0.52478   0.00368   0.35605   0.18528   0.00000   0.00000   0.15524   0.14917   0.22746   0.04601   0.02713   0.00000   0.00000   0.01041   0.72878   0.62619   4.49766   2.35738   1.48212   0.00331   0.18747   0.72110  
 57  0.0001   4856.571435  x:  0.14690   0.06003   0.00000   0.17010   0.00000   0.00000   0.18588   0.28577   0.76591   0.44210   0.52478   0.00368   0.35605   0.18528   0.00000   0.00000   0.15524   0.14917   0.22746   0.04601   0.02713   0.00000   0.00000   0.01041   0.72878   0.62619   4.49766   2.35739   1.48213   0.00331   0.18747   0.72110  
 58  0.0000   4856.571435  x:  0.14690   0.06003   0.00000   0.17010   0.00000   0.00000   0.18588   0.28577   0.76591   0.44210   0.52478   0.00368   0.35605   0.18528   0.00000   0.00000   0.15524   0.14917   0.22746   0.04601   0.02713   0.00000   0.00000   0.01041   0.72878   0.62619   4.49766   2.35739   1.48213   0.00331   0.18747   0.72110  