Supplemental results for CODEML (seqf: 1pek.txt  treef: 1pekTree.trees)


MLEs of dN/dS (w) for site classes (K=4)

p:   0.31545  0.44511  0.19942  0.04003
w:   0.00001  0.06149  0.28790  0.76228

Naive Empirical Bayes (NEB) probabilities for 4 classes & postmean_w
(amino acids refer to 1st sequence: Magnaporthe)

   1 A   0.00000 0.70337 0.29194 0.00469 ( 2)  0.131
   2 T   0.00000 0.00598 0.87643 0.11759 ( 3)  0.342
   3 Q   0.69033 0.30751 0.00216 0.00000 ( 1)  0.020
   4 T   0.00000 0.00099 0.61844 0.38057 ( 3)  0.468
   5 G   0.00000 0.97945 0.02054 0.00001 ( 2)  0.066
   6 A   0.89685 0.10310 0.00005 0.00000 ( 1)  0.006
   7 P   0.00267 0.99718 0.00015 0.00000 ( 2)  0.061
   8 W   0.71273 0.28592 0.00135 0.00000 ( 1)  0.018
   9 G   0.88879 0.11117 0.00004 0.00000 ( 1)  0.007
  10 L   0.70931 0.28850 0.00219 0.00000 ( 1)  0.018
  11 A   0.00000 0.83912 0.16029 0.00059 ( 2)  0.098
  12 R   0.91624 0.08375 0.00000 0.00000 ( 1)  0.005
  13 I   0.94920 0.05080 0.00000 0.00000 ( 1)  0.003
  14 S   0.86703 0.13281 0.00017 0.00000 ( 1)  0.008
  15 S   0.00000 0.55513 0.44465 0.00022 ( 2)  0.162
  16 T   0.00000 0.72439 0.27533 0.00028 ( 2)  0.124
  17 A   0.00000 0.00000 0.08211 0.91788 ( 4)  0.723
  18 R   0.00000 0.06522 0.90433 0.03045 ( 3)  0.288
  19 G   0.82141 0.17803 0.00056 0.00000 ( 1)  0.011
  20 G   0.00000 0.04362 0.93852 0.01786 ( 3)  0.286
  21 T   0.00000 0.99723 0.00277 0.00000 ( 2)  0.062
  22 T   0.00204 0.99715 0.00080 0.00000 ( 2)  0.062
  23 Y   0.86845 0.13150 0.00005 0.00000 ( 1)  0.008
  24 R   0.00000 0.00067 0.88368 0.11565 ( 3)  0.343
  25 Y   0.00168 0.99789 0.00042 0.00000 ( 2)  0.061
  26 D   0.95605 0.04395 0.00000 0.00000 ( 1)  0.003
  27 D   0.00000 0.82655 0.17224 0.00121 ( 2)  0.101
  28 S   0.00000 0.99767 0.00233 0.00000 ( 2)  0.062
  29 A   0.93056 0.06943 0.00001 0.00000 ( 1)  0.004
  30 G   0.89769 0.10228 0.00003 0.00000 ( 1)  0.006
  31 V   0.00000 0.00187 0.95710 0.04103 ( 3)  0.307
  32 G   0.90815 0.09182 0.00002 0.00000 ( 1)  0.006
  33 T   0.00000 0.98784 0.01215 0.00001 ( 2)  0.064
  34 C   0.90472 0.09526 0.00001 0.00000 ( 1)  0.006
  35 S   0.00000 0.23577 0.74043 0.02380 ( 3)  0.246
  36 Y   0.00098 0.99645 0.00257 0.00000 ( 2)  0.062
  37 I   0.00000 0.98311 0.01687 0.00002 ( 2)  0.065
  38 I   0.00097 0.99618 0.00285 0.00000 ( 2)  0.062
  39 D   0.96311 0.03689 0.00000 0.00000 ( 1)  0.002
  40 T   0.87378 0.12616 0.00007 0.00000 ( 1)  0.008
  41 G   0.91749 0.08250 0.00002 0.00000 ( 1)  0.005
  42 L   0.00000 0.74931 0.24968 0.00100 ( 2)  0.119
  43 Y   0.00000 0.95571 0.04428 0.00001 ( 2)  0.072
  44 A   0.00000 0.96499 0.03480 0.00021 ( 2)  0.070
  45 A   0.00000 0.03194 0.91460 0.05346 ( 3)  0.306
  46 H   0.93104 0.06896 0.00000 0.00000 ( 1)  0.004
  47 S   0.00000 0.94050 0.05949 0.00001 ( 2)  0.075
  48 D   0.00149 0.99740 0.00111 0.00000 ( 2)  0.062
  49 F   0.78722 0.21247 0.00031 0.00000 ( 1)  0.013
  50 G   0.00096 0.99673 0.00231 0.00000 ( 2)  0.062
  51 G   0.90641 0.09356 0.00003 0.00000 ( 1)  0.006
  52 R   0.84606 0.15385 0.00009 0.00000 ( 1)  0.009
  53 A   0.94400 0.05600 0.00001 0.00000 ( 1)  0.003
  54 S   0.00000 0.15027 0.83821 0.01153 ( 3)  0.259
  55 Q   0.00000 0.00107 0.76056 0.23836 ( 3)  0.401
  56 V   0.00000 0.97163 0.02837 0.00001 ( 2)  0.068
  57 A   0.00000 0.58274 0.41658 0.00068 ( 2)  0.156
  58 N   0.00000 0.99623 0.00377 0.00000 ( 2)  0.062
  59 F   0.00000 0.98943 0.01057 0.00000 ( 2)  0.064
  60 V   0.00000 0.88872 0.11107 0.00021 ( 2)  0.087
  61 D   0.00000 0.00673 0.92935 0.06392 ( 3)  0.317
  62 S   0.00000 0.98661 0.01338 0.00001 ( 2)  0.065
  63 S   0.00000 0.00021 0.75063 0.24916 ( 3)  0.406
  64 T   0.00000 0.42522 0.57104 0.00374 ( 3)  0.193
  65 D   0.94214 0.05785 0.00000 0.00000 ( 1)  0.004
  66 G   0.91722 0.08276 0.00002 0.00000 ( 1)  0.005
  67 N   0.00000 0.91338 0.08660 0.00002 ( 2)  0.081
  68 G   0.93490 0.06510 0.00001 0.00000 ( 1)  0.004
  69 H   0.91302 0.08697 0.00001 0.00000 ( 1)  0.005
  70 G   0.91364 0.08634 0.00002 0.00000 ( 1)  0.005
  71 T   0.84559 0.15423 0.00018 0.00000 ( 1)  0.010
  72 H   0.93264 0.06736 0.00000 0.00000 ( 1)  0.004
  73 V   0.00000 0.92564 0.07431 0.00005 ( 2)  0.078
  74 A   0.00000 0.92599 0.07333 0.00068 ( 2)  0.079
  75 G   0.83356 0.16606 0.00038 0.00000 ( 1)  0.010
  76 T   0.93006 0.06994 0.00001 0.00000 ( 1)  0.004
  77 I   0.00000 0.98103 0.01896 0.00000 ( 2)  0.066
  78 G   0.92795 0.07204 0.00001 0.00000 ( 1)  0.004
  79 G   0.00000 0.88111 0.11875 0.00013 ( 2)  0.088
  80 T   0.00000 0.15903 0.82832 0.01265 ( 3)  0.258
  81 K   0.00000 0.92646 0.07347 0.00008 ( 2)  0.078
  82 Y   0.90003 0.09996 0.00001 0.00000 ( 1)  0.006
  83 G   0.90602 0.09396 0.00002 0.00000 ( 1)  0.006
  84 V   0.89229 0.10766 0.00005 0.00000 ( 1)  0.007
  85 A   0.92734 0.07264 0.00002 0.00000 ( 1)  0.004
  86 K   0.78099 0.21868 0.00033 0.00000 ( 1)  0.014
  87 R   0.00049 0.97089 0.02862 0.00000 ( 2)  0.068
  88 T   0.00000 0.96331 0.03659 0.00009 ( 2)  0.070
  89 T   0.00000 0.08467 0.91190 0.00343 ( 3)  0.270
  90 L   0.00000 0.97612 0.02388 0.00000 ( 2)  0.067
  91 L   0.00000 0.01356 0.96132 0.02513 ( 3)  0.297
  92 G   0.00000 0.99270 0.00729 0.00001 ( 2)  0.063
  93 V   0.00283 0.99686 0.00031 0.00000 ( 2)  0.061
  94 K   0.79630 0.20349 0.00021 0.00000 ( 1)  0.013
  95 V   0.89180 0.10816 0.00004 0.00000 ( 1)  0.007
  96 L   0.85882 0.14110 0.00008 0.00000 ( 1)  0.009
  97 N   0.00000 0.99620 0.00380 0.00000 ( 2)  0.062
  98 A   0.00000 0.99251 0.00748 0.00001 ( 2)  0.063
  99 S   0.00000 0.00000 0.04138 0.95862 ( 4)  0.743
 100 G   0.93938 0.06062 0.00000 0.00000 ( 1)  0.004
 101 S   0.00000 0.06855 0.86713 0.06432 ( 3)  0.303
 102 G   0.00155 0.99673 0.00171 0.00000 ( 2)  0.062
 103 T   0.00000 0.22747 0.75887 0.01367 ( 3)  0.243
 104 N   0.00000 0.94562 0.05436 0.00002 ( 2)  0.074
 105 S   0.00000 0.98575 0.01424 0.00000 ( 2)  0.065
 106 G   0.00000 0.94609 0.05379 0.00013 ( 2)  0.074
 107 V   0.00000 0.99698 0.00302 0.00000 ( 2)  0.062
 108 I   0.88868 0.11129 0.00003 0.00000 ( 1)  0.007
 109 S   0.00000 0.02445 0.78558 0.18997 ( 3)  0.372
 110 G   0.91539 0.08459 0.00002 0.00000 ( 1)  0.005
 111 M   0.00069 0.99491 0.00441 0.00000 ( 2)  0.062
 112 N   0.00000 0.99959 0.00041 0.00000 ( 2)  0.062
 113 F   0.00000 0.91672 0.08326 0.00002 ( 2)  0.080
 114 V   0.90813 0.09185 0.00002 0.00000 ( 1)  0.006
 115 V   0.00000 0.99243 0.00756 0.00001 ( 2)  0.063
 116 T   0.00000 0.06651 0.91313 0.02037 ( 3)  0.283
 117 D   0.97257 0.02743 0.00000 0.00000 ( 1)  0.002
 118 A   0.00000 0.00225 0.75361 0.24414 ( 3)  0.403
 119 R   0.00000 0.03977 0.95086 0.00937 ( 3)  0.283
 120 T   0.00000 0.99393 0.00606 0.00000 ( 2)  0.063
 121 R   0.89190 0.10808 0.00002 0.00000 ( 1)  0.007
 122 S   0.00000 0.01741 0.92287 0.05972 ( 3)  0.312
 123 C   0.93543 0.06457 0.00000 0.00000 ( 1)  0.004
 124 P   0.00000 0.99920 0.00080 0.00000 ( 2)  0.062
 125 N   0.00000 0.59208 0.40743 0.00049 ( 2)  0.154
 126 G   0.93802 0.06198 0.00001 0.00000 ( 1)  0.004
 127 V   0.00000 0.09039 0.86908 0.04052 ( 3)  0.287
 128 V   0.00000 0.99226 0.00773 0.00001 ( 2)  0.063
 129 V   0.00215 0.99692 0.00093 0.00000 ( 2)  0.062
 130 N   0.00000 0.89411 0.10576 0.00012 ( 2)  0.086
 131 M   0.00066 0.99401 0.00533 0.00000 ( 2)  0.063
 132 S   0.00000 0.97795 0.02203 0.00001 ( 2)  0.066
 133 L   0.00036 0.95013 0.04946 0.00004 ( 2)  0.073
 134 G   0.00061 0.98051 0.01885 0.00004 ( 2)  0.066
 135 G   0.89477 0.10519 0.00004 0.00000 ( 1)  0.006
 136 S   0.00000 0.98848 0.01151 0.00001 ( 2)  0.064
 137 T   0.00000 0.97199 0.02800 0.00000 ( 2)  0.068
 138 S   0.00000 0.48156 0.51645 0.00198 ( 3)  0.180
 139 T   0.00000 0.99511 0.00488 0.00001 ( 2)  0.063
 140 A   0.00000 0.97507 0.02491 0.00002 ( 2)  0.067
 141 V   0.90896 0.09102 0.00002 0.00000 ( 1)  0.006
 142 N   0.95795 0.04205 0.00000 0.00000 ( 1)  0.003
 143 N   0.00000 0.00249 0.90240 0.09511 ( 3)  0.332
 144 A   0.00212 0.99621 0.00166 0.00001 ( 2)  0.062
 145 A   0.92489 0.07509 0.00002 0.00000 ( 1)  0.005
 146 R   0.00000 0.99350 0.00649 0.00001 ( 2)  0.063
 147 A   0.00000 0.00051 0.57315 0.42633 ( 3)  0.490
 148 I   0.00000 0.95240 0.04757 0.00002 ( 2)  0.072
 149 T   0.00000 0.01273 0.92949 0.05778 ( 3)  0.312
 150 S   0.00000 0.00000 0.10353 0.89647 ( 4)  0.713
 151 A   0.00000 0.86046 0.13913 0.00041 ( 2)  0.093
 152 G   0.90015 0.09981 0.00003 0.00000 ( 1)  0.006
 153 H   0.00000 0.99815 0.00185 0.00000 ( 2)  0.062
 154 F   0.00000 0.99855 0.00145 0.00000 ( 2)  0.062
 155 L   0.00000 0.77644 0.22286 0.00070 ( 2)  0.112
 156 A   0.00000 0.99646 0.00353 0.00001 ( 2)  0.062
 157 V   0.91478 0.08520 0.00002 0.00000 ( 1)  0.005
 158 A   0.92983 0.07016 0.00001 0.00000 ( 1)  0.004
 159 A   0.92464 0.07534 0.00002 0.00000 ( 1)  0.005
 160 G   0.92751 0.07248 0.00001 0.00000 ( 1)  0.004
 161 N   0.95641 0.04359 0.00000 0.00000 ( 1)  0.003
 162 S   0.00000 0.87679 0.12280 0.00041 ( 2)  0.090
 163 N   0.00000 0.71546 0.28378 0.00076 ( 2)  0.126
 164 A   0.00000 0.00079 0.68443 0.31479 ( 3)  0.437
 165 N   0.00310 0.99664 0.00026 0.00000 ( 2)  0.061
 166 A   0.93134 0.06865 0.00001 0.00000 ( 1)  0.004
 167 A   0.00000 0.00105 0.60779 0.39116 ( 3)  0.473
 168 S   0.00000 0.19073 0.80327 0.00600 ( 3)  0.248
 169 F   0.00000 0.01151 0.94298 0.04551 ( 3)  0.307
 170 S   0.79098 0.20854 0.00047 0.00000 ( 1)  0.013
 171 P   0.86804 0.13190 0.00006 0.00000 ( 1)  0.008
 172 A   0.91383 0.08615 0.00003 0.00000 ( 1)  0.005
 173 S   0.00000 0.99337 0.00662 0.00000 ( 2)  0.063
 174 E   0.86557 0.13441 0.00003 0.00000 ( 1)  0.008
 175 P   0.00118 0.99612 0.00270 0.00000 ( 2)  0.062
 176 S   0.00000 0.00291 0.79745 0.19964 ( 3)  0.382
 177 A   0.00000 0.97330 0.02660 0.00010 ( 2)  0.068
 178 C   0.93543 0.06457 0.00000 0.00000 ( 1)  0.004
 179 T   0.87737 0.12256 0.00007 0.00000 ( 1)  0.008
 180 V   0.90360 0.09638 0.00002 0.00000 ( 1)  0.006
 181 G   0.86208 0.13781 0.00011 0.00000 ( 1)  0.009
 182 A   0.93208 0.06791 0.00001 0.00000 ( 1)  0.004
 183 T   0.00000 0.93364 0.06614 0.00022 ( 2)  0.077
 184 T   0.00000 0.49347 0.49030 0.01622 ( 2)  0.184
 185 S   0.00000 0.00098 0.74774 0.25128 ( 3)  0.407
 186 T   0.00000 0.06202 0.90795 0.03003 ( 3)  0.288
 187 D   0.96710 0.03290 0.00000 0.00000 ( 1)  0.002
 188 A   0.00000 0.00152 0.62297 0.37551 ( 3)  0.466
 189 K   0.00000 0.82152 0.17782 0.00066 ( 2)  0.102
 190 A   0.00000 0.99064 0.00936 0.00000 ( 2)  0.064
 191 S   0.00000 0.11318 0.87474 0.01208 ( 3)  0.268
 192 Y   0.00190 0.99788 0.00023 0.00000 ( 2)  0.061
 193 S   0.93485 0.06515 0.00000 0.00000 ( 1)  0.004
 194 N   0.95795 0.04205 0.00000 0.00000 ( 1)  0.003
 195 Y   0.00000 0.99869 0.00131 0.00000 ( 2)  0.062
 196 G   0.93106 0.06893 0.00001 0.00000 ( 1)  0.004
 197 A   0.00000 0.00004 0.28301 0.71695 ( 4)  0.628
 198 L   0.00000 0.86407 0.13567 0.00026 ( 2)  0.092
 199 V   0.00000 0.99507 0.00493 0.00000 ( 2)  0.063
 200 D   0.96571 0.03429 0.00000 0.00000 ( 1)  0.002
 201 V   0.00182 0.99756 0.00062 0.00000 ( 2)  0.062
 202 F   0.83662 0.16326 0.00013 0.00000 ( 1)  0.010
 203 A   0.00000 0.98539 0.01457 0.00004 ( 2)  0.065
 204 P   0.84679 0.15311 0.00010 0.00000 ( 1)  0.009
 205 G   0.91249 0.08749 0.00002 0.00000 ( 1)  0.005
 206 S   0.00000 0.49826 0.49163 0.01011 ( 2)  0.180
 207 G   0.00000 0.00031 0.43192 0.56777 ( 4)  0.557
 208 I   0.00000 0.99217 0.00783 0.00000 ( 2)  0.063
 209 L   0.00038 0.95325 0.04633 0.00004 ( 2)  0.072
 210 S   0.00000 0.99170 0.00830 0.00000 ( 2)  0.063
 211 A   0.00225 0.99704 0.00071 0.00000 ( 2)  0.062
 212 W   0.71273 0.28592 0.00135 0.00000 ( 1)  0.018
 213 I   0.00000 0.97864 0.02135 0.00001 ( 2)  0.066
 214 G   0.00000 0.05901 0.86776 0.07323 ( 3)  0.309
 215 G   0.00286 0.99681 0.00033 0.00000 ( 2)  0.061
 216 T   0.00000 0.00008 0.39354 0.60638 ( 4)  0.576
 217 T   0.00000 0.98593 0.01405 0.00001 ( 2)  0.065
 218 R   0.00000 0.12302 0.86832 0.00866 ( 3)  0.264
 219 T   0.00000 0.70518 0.29058 0.00423 ( 2)  0.130
 220 I   0.94590 0.05410 0.00000 0.00000 ( 1)  0.003
 221 D   0.00000 0.97715 0.02285 0.00000 ( 2)  0.067
 222 G   0.90644 0.09353 0.00003 0.00000 ( 1)  0.006
 223 T   0.89960 0.10037 0.00003 0.00000 ( 1)  0.006
 224 S   0.92972 0.07027 0.00001 0.00000 ( 1)  0.004
 225 M   0.79506 0.20473 0.00021 0.00000 ( 1)  0.013
 226 A   0.91825 0.08172 0.00002 0.00000 ( 1)  0.005
 227 S   0.00000 0.97206 0.02792 0.00002 ( 2)  0.068
 228 P   0.92000 0.07999 0.00001 0.00000 ( 1)  0.005
 229 H   0.88674 0.11324 0.00002 0.00000 ( 1)  0.007
 230 I   0.00000 0.98614 0.01386 0.00000 ( 2)  0.065
 231 A   0.00000 0.99355 0.00645 0.00001 ( 2)  0.063
 232 G   0.90709 0.09289 0.00002 0.00000 ( 1)  0.006
 233 L   0.81888 0.18090 0.00022 0.00000 ( 1)  0.011
 234 G   0.00125 0.99375 0.00499 0.00001 ( 2)  0.063
 235 A   0.93689 0.06310 0.00001 0.00000 ( 1)  0.004
 236 Y   0.92708 0.07291 0.00000 0.00000 ( 1)  0.004
 237 L   0.00086 0.99516 0.00398 0.00000 ( 2)  0.062
 238 L   0.00000 0.00055 0.71065 0.28880 ( 3)  0.425
 239 A   0.00000 0.90033 0.09889 0.00077 ( 2)  0.084
 240 L   0.00112 0.99699 0.00189 0.00000 ( 2)  0.062
 241 R   0.00000 0.00780 0.86213 0.13007 ( 3)  0.348
 242 P   0.00000 0.00000 0.25229 0.74771 ( 4)  0.643
 243 Q   0.00000 0.00354 0.90069 0.09577 ( 3)  0.333
 244 T   0.00000 0.75171 0.24698 0.00131 ( 2)  0.118
 245 A   0.00000 0.06319 0.82155 0.11526 ( 3)  0.328
 246 A   0.00000 0.17257 0.80700 0.02043 ( 3)  0.259
 247 L   0.00000 0.83997 0.15995 0.00008 ( 2)  0.098
 248 C   0.93543 0.06457 0.00000 0.00000 ( 1)  0.004
 249 S   0.00000 0.00282 0.82938 0.16780 ( 3)  0.367
 250 Y   0.00000 0.01016 0.95493 0.03491 ( 3)  0.302
 251 I   0.93495 0.06505 0.00000 0.00000 ( 1)  0.004
 252 A   0.00000 0.13925 0.85146 0.00929 ( 3)  0.261
 253 T   0.00000 0.00211 0.75345 0.24445 ( 3)  0.403
 254 N   0.00000 0.02998 0.94497 0.02505 ( 3)  0.293
 255 A   0.00000 0.95243 0.04734 0.00022 ( 2)  0.072
 256 N   0.00000 0.87516 0.12430 0.00054 ( 2)  0.090
 257 R   0.00000 0.09778 0.89794 0.00428 ( 3)  0.268
 258 G   0.00000 0.59005 0.40924 0.00071 ( 2)  0.155
 259 V   0.00000 0.19422 0.78828 0.01750 ( 3)  0.252
 260 I   0.00000 0.93986 0.06013 0.00001 ( 2)  0.075
 261 T   0.00000 0.38697 0.60584 0.00720 ( 3)  0.204
 262 G   0.00000 0.99436 0.00563 0.00001 ( 2)  0.063
 263 L   0.00000 0.38396 0.61323 0.00281 ( 3)  0.202
 264 P   0.90538 0.09459 0.00002 0.00000 ( 1)  0.006
 265 S   0.00000 0.38913 0.60638 0.00450 ( 3)  0.202
 266 G   0.00257 0.99689 0.00054 0.00000 ( 2)  0.061
 267 T   0.89779 0.10217 0.00003 0.00000 ( 1)  0.006
 268 V   0.00271 0.99696 0.00033 0.00000 ( 2)  0.061
 269 N   0.95795 0.04205 0.00000 0.00000 ( 1)  0.003
 270 A   0.00000 0.00246 0.94901 0.04853 ( 3)  0.310
 271 L   0.00054 0.98571 0.01374 0.00000 ( 2)  0.065
 272 A   0.93181 0.06818 0.00001 0.00000 ( 1)  0.004
 273 Y   0.00000 0.99234 0.00766 0.00000 ( 2)  0.063
 274 N   0.95795 0.04205 0.00000 0.00000 ( 1)  0.003
 275 G   0.00000 0.99777 0.00223 0.00000 ( 2)  0.062
 276 A   0.00000 0.01907 0.93013 0.05081 ( 3)  0.308

Positively selected sites

	Prob(w>1)  mean w



lnL = -6503.051868

