

TREE # 1

  0  0.0000   8734.128492  x:  0.06195   0.06050   0.10206   0.09867   0.10910   0.08776   0.10176   0.05938   0.06142   0.02875   0.02010   0.05588   0.08888   0.10808   0.02131   0.02429   0.05606   0.06707   0.09553   0.08547   0.01937   4.00000   0.85397   0.13557   0.47578   0.20000   0.42396   0.66731   0.74205  
  1 99.0000   7012.864264  x:  0.60494   0.50479   0.25529   0.25958   0.23920   0.39680   0.17728   0.19997   0.27571   1.80269   0.98929   0.21858   0.47084   0.24795   0.62223   0.07123   0.10036   0.52261   0.33259   0.15139   0.48760   3.96925   0.89071   0.13336   0.45388   0.00000   0.34377   0.65106   0.78289  
  2 7582.2484   6973.040686  x:  0.62342   0.51986   0.26059   0.26517   0.24365   0.40746   0.17991   0.20475   0.28295   1.86270   1.02202   0.22399   0.48394   0.25277   0.64242   0.07265   0.10178   0.53819   0.34081   0.15350   0.50329   3.96807   0.89198   0.13334   0.45309   0.03053   0.34032   0.65043   0.78434  
  3 38045.4497   6868.684253  x:  0.68075   0.54103   0.33649   0.34393   0.28235   0.52080   0.23181   0.22753   0.28107   1.82581   0.97677   0.18202   0.58239   0.30904   0.56556   0.00000   0.07607   0.63301   0.45706   0.10288   0.42826   3.88912   0.96103   0.13526   0.41034   0.02906   0.16729   0.59767   0.80325  
  4 369.2050   6826.676302  x:  0.74086   0.56270   0.41341   0.42286   0.32063   0.63716   0.27875   0.24666   0.27917   1.78565   0.92811   0.13894   0.68231   0.36274   0.48365   0.06691   0.09002   0.72950   0.57403   0.05111   0.34906   3.80309   1.03208   0.14049   0.36479   0.02780   0.00000   0.53617   0.82362  
  5 2337.7561   6723.738592  x:  0.84261   0.59308   0.48945   0.48732   0.34615   0.77379   0.22709   0.18973   0.28026   1.76948   0.87428   0.08063   0.77294   0.36717   0.34106   0.09583   0.09428   0.83601   0.67950   0.04764   0.27119   3.63509   1.10469   0.14095   0.33819   0.02795   0.00000   0.15853   0.84389  
  6 426.6174   6698.680449  x:  0.93989   0.62528   0.53696   0.50552   0.33698   0.88034   0.14948   0.14567   0.28179   1.76894   0.83077   0.06779   0.81587   0.33011   0.19636   0.11141   0.03043   0.89996   0.72640   0.11870   0.26495   3.42236   1.08159   0.14354   0.38694   0.02883   0.00000   0.18565   0.81981  
  7 152.0658   6677.429064  x:  1.04903   0.65899   0.58566   0.51372   0.31649   0.99622   0.11764   0.15091   0.27981   1.76447   0.77649   0.09457   0.85551   0.29841   0.04868   0.08385   0.11151   0.96329   0.76665   0.18006   0.25208   3.15317   1.03827   0.14789   0.45973   0.03018   0.00000   0.21328   0.79003  
  8 499.1917   6653.152670  x:  1.13067   0.67994   0.62022   0.51174   0.29339   1.08358   0.14929   0.19211   0.27524   1.74529   0.72393   0.16650   0.88267   0.29744   0.00000   0.08272   0.10195   1.00520   0.78997   0.21135   0.23151   2.91705   0.99589   0.15475   0.52458   0.03147   0.00000   0.20978   0.76747  
  9 495.2654   6563.847658  x:  1.66221   0.80744   0.86843   0.52717   0.15833   1.68244   0.19204   0.32759   0.24117   1.53201   0.33252   0.51469   1.07479   0.25294   0.05906   0.04688   0.12332   1.29812   0.97970   0.43195   0.06830   1.36985   0.74701   0.19684   0.92692   0.03950   0.00000   0.22853   0.61856  
 10 1799.9433   6544.282972  x:  1.70256   0.76979   0.89024   0.47159   0.15066   1.74850   0.25987   0.26915   0.26383   1.47274   0.41767   0.39476   1.06640   0.30466   0.05659   0.04017   0.11723   1.31370   0.99032   0.29569   0.12456   0.91883   0.64737   0.28973   0.97257   0.04017   0.00000   0.23362   0.65360  
 11 107.7366   6541.022936  x:  1.72154   0.74521   0.91304   0.44155   0.13994   1.79981   0.25281   0.29372   0.24800   1.42128   0.43517   0.35702   1.08502   0.36415   0.05783   0.04112   0.11732   1.32829   1.00949   0.27587   0.23167   0.87573   0.59717   0.38120   0.99169   0.04026   0.00000   0.21326   0.56081  
 12 38.1936   6537.619214  x:  1.75499   0.72001   0.93880   0.39900   0.12802   1.86912   0.21533   0.32014   0.23240   1.39039   0.47179   0.32920   1.10760   0.38777   0.05567   0.03910   0.11055   1.34658   1.02105   0.17944   0.23127   0.87977   0.50904   0.50965   1.02479   0.04024   0.00000   0.20257   0.46404  
 13 55.6959   6530.875575  x:  1.83924   0.64903   1.01526   0.31351   0.12933   2.07804   0.18865   0.38567   0.20092   1.28901   0.53299   0.28328   1.16602   0.34252   0.05999   0.03508   0.09851   1.38985   1.05155   0.09567   0.29331   0.95032   0.22629   0.89181   1.10751   0.03931   0.00000   0.16543   0.54367  
 14 48.8158   6529.581140  x:  1.86341   0.62866   1.03720   0.28898   0.12972   2.13800   0.18100   0.40444   0.19189   1.25992   0.55055   0.27011   1.18278   0.32955   0.06123   0.03392   0.09506   1.40227   1.06031   0.07164   0.31110   0.97056   0.14513   1.00148   1.13127   0.03904   0.00224   0.15477   0.56652  
 15 94675.5553   6525.399806  x:  1.89130   0.57675   1.07810   0.28312   0.15429   2.25851   0.19500   0.34513   0.19240   1.21875   0.59235   0.27815   1.19199   0.36932   0.05754   0.03487   0.09843   1.41330   1.07818   0.07720   0.30127   1.00475  -0.09276   1.22261   1.22560   0.03773   0.00319   0.11988   0.57441  
 16 67.9988   6524.810394  x:  1.89271   0.56172   1.08789   0.30441   0.16066   2.28092   0.23938   0.32543   0.18802   1.22169   0.58893   0.25055   1.18847   0.34624   0.06057   0.03537   0.09728   1.41491   1.08366   0.07685   0.30353   1.02224  -0.12642   1.24663   1.24198   0.03778   0.00334   0.11504   0.55662  
 17 16.6231   6524.209994  x:  1.88437   0.53294   1.10131   0.34225   0.16798   2.30316   0.26327   0.28209   0.17329   1.23338   0.57163   0.25298   1.18262   0.36722   0.05958   0.03207   0.09998   1.41473   1.09120   0.04865   0.32190   1.04936  -0.13497   1.25653   1.23687   0.03823   0.00359   0.12175   0.56590  
 18  9.6268   6522.718519  x:  1.77278   0.43495   1.11775   0.44853   0.19435   2.30511   0.22860   0.33523   0.17003   1.29584   0.56513   0.21341   1.15216   0.39912   0.06059   0.03451   0.09480   1.38306   1.11044   0.04265   0.31568   1.04043  -0.14458   1.18853   1.21235   0.03858   0.00323   0.11792   0.56993  
 19  6.0751   6517.521979  x:  1.41391   0.41872   1.16498   0.46328   0.11173   2.26756   0.23567   0.26334   0.17505   1.39420   0.63775   0.26696   1.18759   0.33358   0.05446   0.03645   0.09686   1.30454   1.11932   0.05403   0.29681   0.96589  -0.04601   0.96197   0.93588   0.03844   0.00162   0.10854   0.48343  
 20  9.9127   6513.407352  x:  1.24950   0.61273   1.15159   0.38507   0.20792   2.17070   0.26804   0.23553   0.26651   1.42437   0.66636   0.18659   1.13922   0.41648   0.05555   0.03958   0.09490   1.27005   1.05899   0.08109   0.25023   0.95946   0.03066   0.65728   0.68996   0.03905   0.00000   0.10432   0.43084  
 21 22.2862   6513.407352  x:  1.24950   0.61273   1.15159   0.38507   0.20792   2.17070   0.26804   0.23553   0.26651   1.42437   0.66636   0.18659   1.13922   0.41648   0.05555   0.03958   0.09490   1.27005   1.05899   0.08109   0.25023   0.95946   0.03066   0.65728   0.68996   0.03905   0.00000   0.10432   0.43084  
 22 12.9238   6513.319334  x:  1.24952   0.61273   1.15158   0.38507   0.20792   2.17069   0.26803   0.23551   0.26650   1.42439   0.66637   0.18660   1.13922   0.41649   0.05561   0.03955   0.09489   1.27005   1.05899   0.08109   0.25024   0.95946   0.03067   0.65727   0.68996   0.03905   0.00053   0.10419   0.43085  
 23 337.1609   6512.649386  x:  1.25142   0.61278   1.15084   0.38530   0.20752   2.16987   0.26646   0.23355   0.26586   1.42620   0.66752   0.18776   1.13932   0.41787   0.06262   0.03596   0.09386   1.27043   1.05903   0.08113   0.25121   0.95940   0.03094   0.65710   0.68963   0.03976   0.00014   0.09266   0.43195  
 24 92.4205   6511.734778  x:  1.26120   0.61337   1.14742   0.38676   0.20541   2.16598   0.25808   0.22382   0.26285   1.43543   0.67340   0.19147   1.13968   0.42339   0.09296   0.02457   0.09047   1.27240   1.05943   0.07993   0.25467   0.95869   0.03122   0.65521   0.68888   0.04181   0.00034   0.09641   0.42811  
 25 63.2276   6511.047383  x:  1.27272   0.61407   1.14333   0.38849   0.20288   2.16135   0.25009   0.21426   0.25922   1.44625   0.67990   0.19275   1.14005   0.42795   0.12091   0.03413   0.09451   1.27470   1.05991   0.07813   0.25834   0.95782   0.03150   0.65332   0.68761   0.03642   0.00026   0.09720   0.42461  
 26 108.5783   6510.908573  x:  1.27782   0.61440   1.14153   0.38930   0.20177   2.15931   0.24906   0.21265   0.25753   1.45098   0.68220   0.18984   1.14009   0.42791   0.12494   0.03688   0.09584   1.27576   1.06020   0.07684   0.25943   0.95713   0.03160   0.65202   0.68729   0.04164   0.00040   0.09708   0.42371  
 27 44.8335   6508.607873  x:  1.39756   0.62244   1.09874   0.40838   0.17525   2.11096   0.24843   0.19994   0.21709   1.56174   0.73107   0.09503   1.14009   0.41225   0.15230   0.03394   0.09963   1.30099   1.06721   0.04541   0.28243   0.93899   0.03280   0.62565   0.67332   0.03789   0.00017   0.09453   0.41618  
 28 52.9939   6507.735134  x:  1.46088   0.62488   1.07366   0.41948   0.16379   2.08348   0.26839   0.21931   0.19815   1.62006   0.74997   0.09142   1.14397   0.42823   0.15664   0.04125   0.08204   1.31521   1.07233   0.04964   0.30276   0.93614   0.03352   0.61031   0.66547   0.03807   0.00022   0.09530   0.41464  
 29 45.4748   6506.877618  x:  1.53347   0.62687   1.04395   0.43309   0.15390   2.05099   0.28500   0.23702   0.17956   1.68687   0.76713   0.10693   1.15076   0.45456   0.15008   0.03429   0.10375   1.33276   1.07929   0.04476   0.31153   0.93596   0.03435   0.59123   0.65547   0.03748   0.00024   0.09629   0.41516  
 30 79.2690   6506.029891  x:  1.60887   0.62788   1.01214   0.44981   0.15303   2.01606   0.27376   0.22715   0.16973   1.75608   0.77912   0.13613   1.16272   0.47892   0.12408   0.03676   0.09404   1.35390   1.08906   0.02579   0.29814   0.93908   0.03534   0.56790   0.64252   0.03665   0.00009   0.09514   0.41677  
 31 53.9391   6505.599380  x:  1.64823   0.62753   0.99494   0.46036   0.15901   1.99698   0.25870   0.21365   0.17139   1.79189   0.78237   0.14976   1.17105   0.48331   0.10533   0.03552   0.09469   1.36662   1.09595   0.04090   0.30487   0.94298   0.03626   0.55373   0.63446   0.03606   0.00000   0.09399   0.41234  
 32 48.7953   6505.181151  x:  1.69591   0.62425   0.97498   0.47821   0.19401   1.97048   0.26137   0.22314   0.20564   1.83321   0.77409   0.16444   1.19186   0.45205   0.10795   0.03476   0.09559   1.39010   1.11145   0.05173   0.28704   0.95817   0.03840   0.52869   0.61646   0.03478   0.00000   0.09105   0.39424  
 33 14.9011   6505.100198  x:  1.70609   0.62433   0.97388   0.48175   0.20163   1.96477   0.26370   0.22245   0.21586   1.84077   0.76639   0.16673   1.19871   0.44529   0.11089   0.03503   0.09617   1.39699   1.11765   0.05252   0.28824   0.95540   0.03805   0.52145   0.60776   0.03530   0.00000   0.09339   0.40881  
 34  9.8194   6504.934905  x:  1.72790   0.62993   0.98719   0.48157   0.19921   1.94831   0.27609   0.21205   0.23609   1.85023   0.70856   0.16372   1.21915   0.45000   0.11467   0.03514   0.09658   1.41803   1.14480   0.03679   0.30880   0.94564   0.03962   0.49097   0.56361   0.03527   0.00000   0.09228   0.39854  
 35  5.0609   6504.878704  x:  1.73372   0.62896   0.99397   0.47817   0.19206   1.94364   0.26324   0.22437   0.23941   1.85441   0.68947   0.15498   1.22369   0.45836   0.11825   0.03548   0.09657   1.42547   1.16024   0.04134   0.30351   0.94761   0.04059   0.47663   0.53446   0.03595   0.00000   0.09256   0.39944  
 36  4.2029   6504.836170  x:  1.73451   0.62444   1.00154   0.46841   0.18403   1.94281   0.27227   0.21651   0.23740   1.86066   0.68917   0.15120   1.22238   0.46132   0.12031   0.03566   0.09662   1.42999   1.17398   0.05192   0.29117   0.95486   0.04341   0.46226   0.49431   0.03711   0.00000   0.09326   0.40043  
 37  2.8197   6504.780831  x:  1.73203   0.61885   1.01581   0.44600   0.18463   1.94685   0.26910   0.22035   0.23429   1.87339   0.70833   0.16096   1.21599   0.45101   0.11890   0.03555   0.09694   1.43444   1.18450   0.04833   0.29714   0.94765   0.05488   0.43883   0.42546   0.03870   0.00000   0.09321   0.39554  
 38  2.9002   6504.757545  x:  1.73238   0.62273   1.02208   0.45212   0.19994   1.95337   0.26945   0.22065   0.23356   1.87612   0.71938   0.15623   1.21463   0.46099   0.11845   0.03554   0.09713   1.43452   1.18209   0.04479   0.30205   0.95168   0.07095   0.42650   0.39437   0.03933   0.00000   0.09352   0.39457  
 39  1.7539   6504.724347  x:  1.73969   0.63385   1.02633   0.47642   0.20197   1.96901   0.26962   0.22148   0.22001   1.87675   0.72734   0.15780   1.22690   0.45835   0.11965   0.03544   0.09744   1.43022   1.17360   0.04669   0.30039   0.94514   0.11084   0.41212   0.35318   0.04006   0.00000   0.09397   0.39241  
 40  1.9577   6504.685460  x:  1.75711   0.63625   1.01962   0.48622   0.18874   1.99032   0.26808   0.22209   0.22734   1.88062   0.73388   0.15672   1.24100   0.45637   0.12068   0.03514   0.09767   1.42950   1.16070   0.04148   0.30784   0.95898   0.17416   0.41889   0.30910   0.04197   0.00000   0.09595   0.39456  
 41  2.0914   6504.640726  x:  1.77875   0.63275   1.00772   0.48954   0.18346   2.01219   0.26945   0.22121   0.24129   1.88761   0.73842   0.15156   1.24453   0.46429   0.12230   0.03502   0.09782   1.43425   1.15295   0.04331   0.30574   0.94620   0.25588   0.43440   0.26520   0.04380   0.00000   0.09757   0.39210  
 42  4.7456   6504.586927  x:  1.80121   0.63182   1.00207   0.48373   0.19319   2.02340   0.26923   0.22012   0.22442   1.90067   0.73005   0.15047   1.23191   0.46022   0.12634   0.03494   0.09771   1.44636   1.16545   0.04204   0.30781   0.95097   0.36577   0.45167   0.23100   0.04527   0.00000   0.10066   0.39572  
 43  3.0493   6504.563858  x:  1.80110   0.64249   1.01602   0.48629   0.19343   2.00309   0.26888   0.22016   0.22425   1.91444   0.73623   0.14869   1.23918   0.46122   0.12719   0.03468   0.09769   1.44707   1.17647   0.04233   0.30748   0.95032   0.39933   0.47671   0.22016   0.04628   0.00000   0.10157   0.39530  
 44  0.9297   6504.545812  x:  1.79863   0.63849   1.02214   0.48458   0.18848   1.98376   0.26874   0.21959   0.22847   1.92357   0.74184   0.14585   1.24495   0.46343   0.12833   0.03448   0.09767   1.44406   1.17909   0.04244   0.30758   0.94943   0.42039   0.47169   0.22520   0.04544   0.00000   0.10197   0.39649  
 45  0.8627   6504.501994  x:  1.80694   0.61511   1.00754   0.48750   0.19265   1.95330   0.26823   0.21781   0.21666   1.93418   0.73135   0.14032   1.24184   0.46258   0.13415   0.03405   0.09732   1.44038   1.16946   0.04041   0.30956   0.94786   0.41403   0.48905   0.22145   0.04530   0.00000   0.10293   0.39760  
 46  0.4917   6504.481006  x:  1.81731   0.63534   0.99796   0.48385   0.18853   1.94848   0.26782   0.21717   0.22072   1.93652   0.72843   0.14028   1.22538   0.46049   0.13660   0.03387   0.09709   1.44266   1.16868   0.04172   0.30809   0.94818   0.40762   0.49072   0.22252   0.04473   0.00000   0.10305   0.39871  
 47  0.7672   6504.472973  x:  1.82144   0.63947   0.99327   0.47894   0.19022   1.96377   0.26810   0.21714   0.21880   1.93654   0.73478   0.13875   1.23659   0.46270   0.13674   0.03368   0.09714   1.45021   1.18549   0.04071   0.30929   0.94766   0.40795   0.49214   0.22316   0.04427   0.00000   0.10295   0.39751  
 48  0.3489   6504.466041  x:  1.82882   0.63313   1.00868   0.48534   0.18714   1.98308   0.26821   0.21727   0.22168   1.94504   0.73672   0.13987   1.23358   0.46259   0.13648   0.03357   0.09707   1.45842   1.19384   0.04022   0.30984   0.94822   0.41612   0.49517   0.21861   0.04400   0.00000   0.10313   0.39665  
 49  0.3295   6504.459515  x:  1.83801   0.63382   1.02169   0.47598   0.19063   1.99474   0.26842   0.21720   0.22008   1.95302   0.73325   0.13914   1.23949   0.46361   0.13687   0.03355   0.09700   1.45967   1.18687   0.04292   0.30682   0.94832   0.43263   0.49787   0.20644   0.04409   0.00000   0.10401   0.39694  
 50  0.3905   6504.418556  x:  1.85430   0.63074   1.01277   0.47533   0.18975   1.99555   0.26921   0.21715   0.22395   1.94859   0.73116   0.13952   1.23794   0.46384   0.13826   0.03345   0.09665   1.45076   1.19380   0.04088   0.30809   0.94756   0.56859   0.51236   0.08613   0.04692   0.00000   0.11177   0.40041  
 51  0.4328   6504.411938  x:  1.84438   0.63232   1.00845   0.47634   0.18719   1.99287   0.26931   0.21732   0.22254   1.95076   0.73100   0.13922   1.23911   0.46410   0.13849   0.03352   0.09661   1.47046   1.18682   0.04113   0.30778   0.94758   0.58728   0.51409   0.06769   0.04737   0.00000   0.11317   0.40121  
 52  0.4190   6504.375263  x:  1.80339   0.63819   0.99369   0.47467   0.18660   1.98588   0.27006   0.21739   0.22802   1.97369   0.71780   0.14062   1.23684   0.46373   0.13749   0.03402   0.09653   1.45326   1.19480   0.04030   0.30797   0.94760   0.61839   0.52287   0.00713   0.04878   0.00000   0.11928   0.40543  
 53  0.1272   6504.344782  x:  1.81654   0.63367   1.00861   0.46836   0.18643   1.95959   0.26943   0.21828   0.22856   1.93200   0.72917   0.14386   1.23634   0.46321   0.13444   0.03427   0.09652   1.46044   1.19869   0.04183   0.30584   0.94797   0.64343   0.53298  -0.03907   0.04978   0.00000   0.12409   0.40814  
 54  0.5638   6504.322741  x:  1.82188   0.63375   1.01347   0.46792   0.18869   1.96544   0.26894   0.21820   0.22653   1.92957   0.72921   0.14297   1.23678   0.46385   0.13377   0.03424   0.09672   1.45831   1.19847   0.04331   0.30488   0.94861   0.74123   0.56600  -0.10868   0.05147   0.00000   0.13177   0.41257  
 55  0.1838   6504.291881  x:  1.82793   0.63515   1.01650   0.47260   0.19094   1.99738   0.26746   0.21727   0.21922   1.94182   0.72707   0.13815   1.23764   0.46528   0.13392   0.03397   0.09726   1.46429   1.18559   0.04643   0.30388   0.94912   0.80556   0.61847  -0.12581   0.05206   0.00000   0.14037   0.41669  
 56  0.0624   6504.250615  x:  1.83878   0.63572   1.01776   0.46688   0.18682   1.99988   0.26786   0.21716   0.22544   1.94934   0.72679   0.13754   1.24237   0.46655   0.13413   0.03433   0.09673   1.47053   1.19579   0.04630   0.30374   0.94705   0.92501   0.67589  -0.19198   0.05532   0.00000   0.15752   0.42532  
 57  0.0578   6504.137926  x:  1.85693   0.63789   1.01470   0.45541   0.17747   1.97928   0.27095   0.21762   0.23860   1.96870   0.72793   0.13897   1.25334   0.46770   0.13664   0.03511   0.09527   1.48084   1.22652   0.04274   0.30514   0.94374   1.05916   0.78092  -0.07576   0.05669   0.00000   0.19256   0.44874  
 58  0.1047   6504.137919  x:  1.85694   0.63789   1.01470   0.45540   0.17746   1.97926   0.27096   0.21762   0.23861   1.96871   0.72793   0.13897   1.25335   0.46770   0.13664   0.03511   0.09527   1.48085   1.22654   0.04274   0.30514   0.94374   1.05924   0.78098  -0.07569   0.05669   0.00001   0.19258   0.44875  
 59 99.0228   6504.092729  x:  1.86307   0.63933   1.01664   0.45334   0.17601   1.98071   0.27118   0.21802   0.23887   1.97190   0.72833   0.13857   1.25649   0.46865   0.13710   0.03525   0.09517   1.48531   1.23058   0.04350   0.30421   0.94396   1.17758   0.85623  -0.06043   0.05845   0.00001   0.21273   0.46251  
 60  0.6062   6504.092729  x:  1.86307   0.63933   1.01664   0.45334   0.17601   1.98071   0.27118   0.21802   0.23887   1.97190   0.72833   0.13857   1.25649   0.46865   0.13710   0.03525   0.09517   1.48531   1.23058   0.04350   0.30421   0.94396   1.17758   0.85623  -0.06043   0.05845   0.00001   0.21273   0.46251  
 61  9.4390   6503.930677  x:  1.85320   0.64424   1.03228   0.46715   0.18072   2.01719   0.26569   0.22101   0.21666   1.94853   0.73342   0.13705   1.24842   0.46922   0.13634   0.03445   0.09722   1.47866   1.19299   0.05245   0.29682   0.95331   1.40088   1.05851   0.19335   0.06158   0.00001   0.25232   0.49797  
 62  0.2765   6503.849132  x:  1.83383   0.64225   1.03135   0.47312   0.18328   2.01952   0.26338   0.22086   0.20754   1.93012   0.73191   0.13595   1.23812   0.46789   0.13639   0.03393   0.09811   1.46727   1.16984   0.05500   0.29527   0.95758   1.40135   1.09122   0.32347   0.06099   0.00001   0.24731   0.50245  
 63  0.2232   6503.612648  x:  1.80859   0.63025   1.02062   0.45562   0.16696   1.98545   0.26420   0.21574   0.22724   1.91760   0.72391   0.13104   1.23475   0.46837   0.14181   0.03408   0.09692   1.45769   1.17982   0.05150   0.30023   0.95202   1.72862   1.41127   0.82602   0.06231   0.00001   0.26948   0.54825  
 64  0.2234   6503.461363  x:  1.81561   0.63070   1.01817   0.45186   0.16764   1.97594   0.26635   0.21603   0.23370   1.92386   0.72493   0.13178   1.24357   0.46895   0.14244   0.03438   0.09609   1.46412   1.19947   0.04627   0.30508   0.94628   1.82105   1.48806   0.88842   0.06134   0.00001   0.25751   0.55455  
 65  0.1345   6503.301685  x:  1.85304   0.64034   1.03838   0.45450   0.17681   2.01331   0.26707   0.21961   0.22412   1.94581   0.73110   0.13160   1.26638   0.47401   0.14123   0.03463   0.09606   1.49133   1.22067   0.04678   0.30303   0.94386   2.12805   1.77297   1.26948   0.06033   0.00001   0.27691   0.60200  
 66  0.5238   6503.202429  x:  1.86936   0.64751   1.04780   0.47185   0.17462   2.04684   0.26354   0.22221   0.21495   1.94734   0.73767   0.13003   1.26762   0.47702   0.13879   0.03438   0.09755   1.49232   1.19761   0.05016   0.29881   0.95036   2.25152   1.91152   1.43885   0.05983   0.00001   0.27169   0.64308  
 67  0.1266   6503.138174  x:  1.86917   0.64626   1.04719   0.47243   0.16686   2.04484   0.26313   0.22105   0.21929   1.94840   0.73779   0.12702   1.26748   0.47865   0.14028   0.03459   0.09756   1.48952   1.19546   0.04890   0.30050   0.95040   2.33079   1.98629   1.46829   0.06121   0.00001   0.28283   0.68013  
 68  0.0858   6503.081575  x:  1.85236   0.64207   1.04259   0.46314   0.16301   2.02433   0.26481   0.21865   0.22549   1.94707   0.73076   0.12321   1.26809   0.47889   0.14459   0.03500   0.09663   1.48705   1.20841   0.04573   0.30445   0.94799   2.44497   2.10827   1.64691   0.06151   0.00001   0.28907   0.73037  
 69  0.2061   6503.061804  x:  1.84418   0.64298   1.04155   0.46182   0.16579   2.02103   0.26544   0.21886   0.22377   1.94521   0.72787   0.12331   1.26705   0.47772   0.14590   0.03501   0.09638   1.48603   1.21019   0.04628   0.30395   0.94871   2.38943   2.05598   1.58474   0.06127   0.00001   0.28438   0.74107  
 70  0.0980   6503.052539  x:  1.84870   0.64713   1.04636   0.46446   0.16552   2.03355   0.26427   0.22062   0.22084   1.94474   0.72924   0.12328   1.26970   0.47846   0.14649   0.03493   0.09656   1.48878   1.20615   0.04879   0.30141   0.95120   2.41716   2.07321   1.61303   0.06161   0.00001   0.28840   0.76197  
 71  0.0391   6503.051899  x:  1.85376   0.64647   1.04637   0.46472   0.16452   2.03515   0.26468   0.22012   0.22256   1.94886   0.72922   0.12282   1.27106   0.47941   0.14655   0.03496   0.09664   1.49073   1.20737   0.04836   0.30217   0.95082   2.41225   2.06792   1.60918   0.06148   0.00001   0.28802   0.76313  
 72  0.0098   6503.051870  x:  1.85445   0.64656   1.04638   0.46471   0.16465   2.03498   0.26469   0.22015   0.22226   1.94921   0.72947   0.12278   1.27111   0.47951   0.14651   0.03501   0.09665   1.49090   1.20771   0.04827   0.30231   0.95085   2.41020   2.06583   1.60734   0.06150   0.00001   0.28795   0.76278  
 73  0.0029   6503.051868  x:  1.85451   0.64660   1.04641   0.46472   0.16469   2.03502   0.26470   0.22017   0.22224   1.94921   0.72952   0.12280   1.27116   0.47951   0.14647   0.03501   0.09666   1.49093   1.20767   0.04831   0.30227   0.95086   2.40902   2.06470   1.60611   0.06149   0.00001   0.28791   0.76237  
 74  0.0015   6503.051868  x:  1.85450   0.64659   1.04641   0.46470   0.16468   2.03502   0.26469   0.22017   0.22226   1.94919   0.72950   0.12281   1.27115   0.47950   0.14646   0.03501   0.09666   1.49093   1.20767   0.04832   0.30226   0.95086   2.40875   2.06443   1.60583   0.06149   0.00001   0.28790   0.76228  
 75  0.0005   6503.051868  x:  1.85450   0.64659   1.04641   0.46470   0.16468   2.03502   0.26469   0.22017   0.22226   1.94919   0.72949   0.12281   1.27115   0.47950   0.14646   0.03501   0.09666   1.49093   1.20767   0.04832   0.30226   0.95086   2.40872   2.06441   1.60581   0.06149   0.00001   0.28790   0.76228  
 76  0.0001   6503.051868  x:  1.85450   0.64659   1.04641   0.46470   0.16468   2.03502   0.26469   0.22017   0.22226   1.94919   0.72949   0.12281   1.27115   0.47950   0.14646   0.03501   0.09666   1.49093   1.20767   0.04832   0.30226   0.95086   2.40872   2.06441   1.60581   0.06149   0.00001   0.28790   0.76228  
 77  0.0000   6503.051868  x:  1.85450   0.64659   1.04641   0.46470   0.16468   2.03502   0.26469   0.22017   0.22226   1.94919   0.72949   0.12281   1.27115   0.47950   0.14646   0.03501   0.09666   1.49093   1.20767   0.04832   0.30226   0.95086   2.40872   2.06441   1.60580   0.06149   0.00001   0.28790   0.76228  
 78  0.0000   6503.051868  x:  1.85450   0.64659   1.04641   0.46470   0.16468   2.03502   0.26469   0.22017   0.22226   1.94919   0.72949   0.12281   1.27115   0.47950   0.14646   0.03501   0.09666   1.49093   1.20767   0.04832   0.30226   0.95086   2.40872   2.06441   1.60580   0.06149   0.00001   0.28790   0.76228  
 79  0.0001   6503.051868  x:  1.85450   0.64659   1.04641   0.46470   0.16468   2.03502   0.26469   0.22017   0.22226   1.94919   0.72949   0.12281   1.27115   0.47950   0.14646   0.03501   0.09666   1.49093   1.20767   0.04832   0.30226   0.95086   2.40872   2.06441   1.60580   0.06149   0.00001   0.28790   0.76228  
check convergence!
