0 0.00023555589183758905
1 0.0027877487436523407
2 0.013444454690230654
3 0.018813631167014948
4 0.03297287461140386
5 0.036604993343592705
6 0.04092540947035236
7 0.042055491718701564
8 0.042345096695638636
9 0.04931983188929211
10 0.057070378353581495
11 0.06936052912998968
12 0.08487725984437913
13 0.08908894535004809
14 0.10747478806103031
15 0.10750753245207915
16 0.11656089364906111
17 0.11838003887046229
18 0.12187328934152292
19 0.13098631340528794
20 0.13298107636394552
21 0.13315101938104584
22 0.13340838241583464
23 0.13351163736315289
24 0.13389059865897746
25 0.1425709431319386
26 0.15062236662748862
27 0.15392571017284035
28 0.1616592506500185
29 0.16169594094128253
30 0.16898768210872314
31 0.17148297231120452
32 0.1904487495472472
33 0.19173150183909723
34 0.19444273889163755
35 0.1978600862980077
36 0.19850678109116549
37 0.2068861407541595
38 0.20728011953326134
39 0.22059215248743208
40 0.22582390508082525
41 0.22728147514741218
42 0.2309918478703946
43 0.23579649310766268
44 0.24451996239517723
45 0.24516814303592455
46 0.25098431744207683
47 0.25999819794680473
48 0.2661151500241293
49 0.2662068993804759
50 0.2672510821851794
51 0.28940715262709865
52 0.2895900072737352
53 0.2991170034377608
54 0.29953695792627794
55 0.3142724303793065
56 0.31958767407790833
57 0.3265309036389616
58 0.33088196067801284
59 0.3398689226111217
60 0.34585419351710667
61 0.3521300719648351
62 0.3576723909098343
63 0.36459600850382384
64 0.3667727873031467
65 0.37250208990156575
66 0.38403186706179776
67 0.38477475533975125
68 0.38541526928926306
69 0.3865673007580217
70 0.3926295185750972
71 0.3932520687853617
72 0.3980545506556096
73 0.401828315118494
74 0.4087144003307745
75 0.4239437841116523
76 0.4294851787870418
77 0.4395692978405946
78 0.4477688925880461
79 0.45411653462461515
80 0.45481323352121644
81 0.4591909670148663
82 0.4825576568942575
83 0.4864068182331969
84 0.49650117029110336
85 0.5071820992128087
86 0.5187391510076316
87 0.5273402247588775
88 0.5444764749770203
89 0.546245171714395
90 0.5590916685944947
91 0.5603971476746898
92 0.5682862446027174
93 0.5697756830435515
94 0.572268219083476
95 0.5761296461764848
96 0.5779230513027777
97 0.5782652167402186
98 0.5817786753353871
99 0.5855571941993306
100 0.5905396010121029
101 0.5995204272888363
102 0.6026677845754079
103 0.6095707311101247
104 0.6144861636319691
105 0.626033482561233
106 0.6308099408491707
107 0.6314254596777922
108 0.6314745006861159
109 0.6341288257847282
110 0.6345704813584243
111 0.6379760710182218
112 0.639467219761372
113 0.6420543285402903
114 0.6444055788590545
115 0.6453849481365073
116 0.6472950540530467
117 0.6526759525810482
118 0.6556663778868798
119 0.6594384925280065
120 0.6602499183138074
121 0.6659553185452676
122 0.6759128263265561
123 0.6916249719268406
124 0.7054404380179238
125 0.7143390682947792
126 0.7215658219586459
127 0.7247032957862765
128 0.7290659321617169
129 0.7343023362425326
130 0.738683334739902
131 0.7449402377802176
132 0.7549343887457055
133 0.7610367412517178
134 0.7688461880234634
135 0.7701738082547726
136 0.7719215768208983
137 0.7807249918972772
138 0.7980130529015905
139 0.799207625853542
140 0.8012871283079444
141 0.813633469246518
142 0.8333971138157104
143 0.8380395721796556
144 0.8411282254986056
145 0.8546428376884201
146 0.8673299611112255
147 0.8683021708713999
148 0.8713416369898649
149 0.8766010337280729
150 0.8801725485406833
151 0.8809285575232632
152 0.8824693323642411
153 0.885575522195424
154 0.8920741137617252
155 0.8926128610501604
156 0.8945540196368542
157 0.895158051600732
158 0.9051682893327835
159 0.9142477303454992
160 0.9175694341258392
161 0.9184647224987432
162 0.9188437701224333
163 0.9205876609711049
164 0.9209460062997257
165 0.9214309746792486
166 0.9221190329651723
167 0.9356073737763442
168 0.9441191712066388
169 0.9459789747557876
170 0.9488484399186492
171 0.9606910615671062
172 0.9606954974414117
173 0.961803076000299
174 0.9652154659509851
175 0.9714515343991262
176 0.9735332491003518
177 0.9809865893362163
178 0.9824146699478536
179 0.9849196264494202
180 0.988854002205983
181 0.9913403987129444
182 0.9953654909043328
183 0.9959154483727541
184 0.9987229034367457
185 1.0041917006944097
186 1.0049610015863195
187 1.007551000303018
188 1.0093908130190978
189 1.018097505286429
190 1.0185385605703807
191 1.0218056431421503
192 1.0250629317210114
193 1.0256219373152642
194 1.0266864660034942
195 1.0290889747086869
196 1.0298285389353996
197 1.034997580144509
198 1.036271063711889
199 1.0419084387245514
200 1.0466950067822849
201 1.0520445698986685
202 1.0520607180802843
203 1.059404247114876
204 1.0603913017917572
205 1.0641346911080933
206 1.0643049142281962
207 1.0728611114216602
208 1.0729352020458494
209 1.084020853419954
210 1.0886622776624943
211 1.094068389772561
212 1.1070220269771152
213 1.1101672451068034
214 1.1175855932383398
215 1.1177152075093175
216 1.1193321574111084
217 1.1218326563732295
218 1.1235248142390066
219 1.1261103441102362
220 1.127906503019634
221 1.1450969817229508
222 1.1633329808036277
223 1.1766048937228688
224 1.1774837853877693
225 1.1868923200527088
226 1.1916667842832707
227 1.1976462354374349
228 1.2003940668990623
229 1.2050333430823723
230 1.2052752904726354
231 1.2170163003797694
232 1.229303699047155
233 1.232870938154336
234 1.2488216283883162
235 1.2567318321307417
236 1.2639133460032632
237 1.2757542825011357
238 1.2773567758764282
239 1.2853633369511386
240 1.2902317355311657
241 1.2904077660971423
242 1.291367816887289
243 1.2949176061282732
244 1.297392994165911
245 1.3008958236534285
246 1.3078113411808818
247 1.307996500208397
248 1.320389989737744
249 1.3225606646153303
250 1.3296739738150813
251 1.3305046011917212
252 1.3329749929716939
253 1.339401762108079
254 1.3415337478577454
255 1.3456559258886458
256 1.3581739387507787
257 1.3592508301945012
258 1.3594066496084745
259 1.364604195539646
260 1.3658885397861698
261 1.3669161045861637
262 1.371763130242313
263 1.3725295873506926
264 1.3748078929317955
265 1.3766416513878341
266 1.3828033132492237
267 1.3838333569311394
268 1.3875970520928496
269 1.39299344671639
270 1.3930816789240876
271 1.3955996824804895
272 1.3977274312482324
273 1.4111589045890125
274 1.4161219644869059
275 1.417564247363042
276 1.4182724693569548
277 1.4291375086687046
278 1.431055035246464
279 1.432393381157621
280 1.4361437087076463
281 1.4380094559134908
282 1.4717585589828008
283 1.4729116880734892
284 1.4778125391275059
285 1.478155267910187
286 1.47827513799827
287 1.4804922294204628
288 1.480924750120319
289 1.4868925066399332
290 1.4891975778203168
291 1.492730503016012
292 1.49455459205942
293 1.4954827390482257
294 1.4963215457828662
295 1.499807087762616
296 1.502522758138199
297 1.5053220148005733
298 1.507906012425714
299 1.5080323638109492
300 1.51136899022979
301 1.5119590346969711
302 1.5189154564254135
303 1.5248345913498838
304 1.5344685155484297
305 1.541661270447701
306 1.547659524886507
307 1.5508950392553562
308 1.5521814558960954
309 1.5539250571408636
310 1.5564632256754702
311 1.5663034816069692
312 1.5684109157752752
313 1.571644745407933
314 1.5724320156319023
315 1.579567410230815
316 1.587051222349347
317 1.5908697830938097
318 1.5961271374995003
319 1.6120213299075454
320 1.612344576337195
321 1.6264491255996025
322 1.6356244723892175
323 1.6360646159527112
324 1.6379147959289238
325 1.6398003936324288
326 1.64050461655431
327 1.641299888883969
328 1.6433576898382825
329 1.644782473683508
330 1.64756635853862
331 1.6553645708295057
332 1.6583667803469626
333 1.6610001045751657
334 1.6700925653268772
335 1.6776844480132873
336 1.6780448895361368
337 1.681868370209147
338 1.6822262310837652
339 1.6827328169200042
340 1.687877081344395
341 1.6886113125708497
342 1.691088443553194
343 1.6921611454776377
344 1.6926111362289533
345 1.69314887564425
346 1.6966247668531347
347 1.6997178395480597
348 1.7136692345274152
349 1.7157249550297662
350 1.7181685998349157
351 1.721858760829977
352 1.7255237180693408
353 1.7255728493534994
354 1.727666868671614
355 1.7294544117928703
356 1.7325919182199927
357 1.7341900527311622
358 1.7355696694055698
359 1.73712141751208
360 1.73879351335209
361 1.7412930414477172
362 1.7536620759580726
363 1.7599815501301401
364 1.7606063340341196
365 1.767203398801804
366 1.7703980770835117
367 1.7748540577992893
368 1.7793116544299665
369 1.7842693307689017
370 1.7914038467233757
371 1.7942038309706552
372 1.7968430811913694
373 1.8037692091988962
374 1.8050288287901277
375 1.8167364544315925
376 1.8241268839844946
377 1.8327111676843615
378 1.8330520573638425
379 1.8358816437226186
380 1.8408401133014303
381 1.856335091054923
382 1.859708647437783
383 1.8611697893057928
384 1.8620156815557936
385 1.8633326565334105
386 1.8686603826620278
387 1.8700448406175598
388 1.8768831900583267
389 1.8801215854357467
390 1.8873346974836152
391 1.9049895275303106
392 1.916866166410279
393 1.9183948759293867
394 1.922591504439445
395 1.9249628858983774
396 1.9255142821019149
397 1.9262757632111591
398 1.928227750028638
399 1.938645818439699
400 1.9427386070308252
401 1.9462705336760746
402 1.9518387357288867
403 1.9519247331586098
404 1.9531664573131093
405 1.9540272517043318
406 1.9547946429809253
407 1.957292295517559
408 1.9575092655779789
409 1.9599050082558704
410 1.9618770134753087
411 1.9636726679988443
412 1.9670418883703606
413 1.9732408540565842
414 1.9779976823762242
415 1.980203733408199
416 1.9814081808073898
417 1.9835272162648991
418 1.9844581738726663
419 1.9846446112057783
420 1.9895381128944325
421 1.9911994883534665
422 1.9925240755616789
423 1.9938494602283459
424 1.999832549479691
425 2.0204364856505848
426 2.0259449822748503
427 2.0306825029416724
428 2.0330791174354697
429 2.0356169577726515
430 2.0408287732112087
431 2.0424817298845737
432 2.047735153492892
433 2.0532956275195415
434 2.0566271445859257
435 2.0595221675151056
436 2.072558649633357
437 2.0749953998559425
438 2.08608880909472
439 2.090212645883719
440 2.0908904684303926
441 2.097348753505185
442 2.0984560595182753
443 2.1021598707691123
444 2.1114756993021557
445 2.11655161648668
446 2.1171794640176147
447 2.1212969805928754
448 2.1226246201511807
449 2.136336283754728
450 2.1409506527495346
451 2.142222695259974
452 2.1441575729221203
453 2.1442422835249633
454 2.1456451462697506
455 2.1509757393445916
456 2.1516792165760887
457 2.151781944367423
458 2.15507438756289
459 2.1620316071877994
460 2.163387491740315
461 2.163739193577458
462 2.1659164903502655
463 2.179460254584627
464 2.1805367940207847
465 2.192113992204619
466 2.1949999169084298
467 2.1972525006451664
468 2.2062326160644146
469 2.2082829718427837
470 2.208478107196386
471 2.2115974897726813
472 2.2135078277073954
473 2.215997275467194
474 2.2191813139016037
475 2.233140455595059
476 2.245434144631098
477 2.246936221254819
478 2.2472730630720004
479 2.247448714184931
480 2.2526113448526632
481 2.256819255867466
482 2.257376761831921
483 2.258451347738666
484 2.2599689710126363
485 2.260417321014082
486 2.263943358757134
487 2.2646434267015207
488 2.265141507323149
489 2.2676323173773647
490 2.2701704237069524
491 2.273466945039325
492 2.2734831405248417
493 2.2793212509004643
494 2.2862201148591144
495 2.2864262656566043
496 2.286819631186341
497 2.2929053653310643
498 2.2944078092132063
499 2.2980385269267924
500 2.298545081835325
501 2.3082164345892817
502 2.314235011747759
503 2.317919728216332
504 2.3184221422628957
505 2.3245680807508937
506 2.3268268276535853
507 2.327723898150333
508 2.3309339264273934
509 2.3334463919870574
510 2.3353023902632164
511 2.3398615137140366
512 2.3401733066600774
513 2.340284120503556
514 2.343622683021067
515 2.346973089978376
516 2.347250434719555
517 2.3540498820833626
518 2.356923364182051
519 2.360513980034069
520 2.3618993796795604
521 2.3678986740890022
522 2.3696361983945007
523 2.3800385368668517
524 2.3831439694341654
525 2.3833169956283453
526 2.3833566394148735
527 2.3834950123804566
528 2.384395113047746
529 2.3864382215617406
530 2.386486355509944
531 2.3891369164294796
532 2.3905118924653532
533 2.391699058400061
534 2.3938196388549784
535 2.394890823258673
536 2.3954021885273806
537 2.39681249423538
538 2.3977444868767948
539 2.399705715670124
540 2.400709271589857
541 2.403395156838021
542 2.408843271320067
543 2.4132641853515957
544 2.416462261838737
545 2.42987719483663
546 2.4307557290136743
547 2.4379437317556034
548 2.4475361814201064
549 2.4482624820237984
550 2.4526175604786946
551 2.4531982659967024
552 2.456592406613475
553 2.4639938466954385
554 2.469842628457658
555 2.471034049132421
556 2.4729426020643994
557 2.4870919042355686
558 2.489903445905647
559 2.4942072579608165
560 2.4957005168174
561 2.4994331801473666
562 2.5146293055302267
563 2.5153248597011095
564 2.535526531459491
565 2.539307484809975
566 2.5403595277438216
567 2.541026167497812
568 2.5562678210674328
569 2.5608551918432556
570 2.5670269242254795
571 2.5742442131845427
572 2.574293975536968
573 2.576665594772065
574 2.578242291548774
575 2.5807504623432913
576 2.581633356630518
577 2.5817835002481955
578 2.5825766110008916
579 2.584704116960534
580 2.601261962260863
581 2.604126242212189
582 2.617080973908151
583 2.6327469738912868
584 2.638210892355535
585 2.6400041810785173
586 2.645562610376137
587 2.665603987071698
588 2.6681845167979263
589 2.6710166976203253
590 2.671957758999857
591 2.674751995177144
592 2.677448258055915
593 2.682435377594632
594 2.685993643531118
595 2.6900968524088795
596 2.702028585652881
597 2.7095957956050305
598 2.7124225932078425
599 2.7224887673917557
600 2.7262764951481655
601 2.7289516062698933
602 2.7321952157688587
603 2.736480002474414
604 2.738478633779714
605 2.74774257669309
606 2.7497229327949606
607 2.75130540064819
608 2.7560783725913107
609 2.76367963294811
610 2.7677515117650353
611 2.7723396168431367
612 2.774861964148328
613 2.7764577736408738
614 2.7799463502599764
615 2.7913665428050454
616 2.7964494738185466
617 2.797100786480111
618 2.7993066064700014
619 2.8007461164298237
620 2.8036412424672057
621 2.807510915191428
622 2.815680447528014
623 2.8163269458454634
624 2.818818950382968
625 2.8205051312648237
626 2.821129283279312
627 2.8222511596621542
628 2.8256584366485726
629 2.8271775123038427
630 2.827783495976221
631 2.8297178779048546
632 2.8311882308344964
633 2.832776724484319
634 2.836967196217934
635 2.843309162773956
636 2.845360128901614
637 2.8472733445615472
638 2.8486217745491467
639 2.8554283077230918
640 2.862553434119335
641 2.8656296311231855
642 2.8698553733517107
643 2.879636518359716
644 2.8803401537741333
645 2.8832237562250698
646 2.8937444427918178
647 2.8968276070783157
648 2.90704330063885
649 2.909804400731375
650 2.909947740406034
651 2.9199998458904823
652 2.9208323499715036
653 2.9215515247963055
654 2.9219524000200794
655 2.9225083903169784
656 2.924622944290555
657 2.928509055303648
658 2.9288134411143893
659 2.9334040974735927
660 2.933925219873413
661 2.9346202668535364
662 2.939495627223643
663 2.941439013710356
664 2.9458522099765974
665 2.946535485932423
666 2.9476237135195933
667 2.9505888964073486
668 2.9598929424819076
669 2.9708029777863625
670 2.9709790539738434
671 2.9874390103883126
672 2.991459918583157
673 2.994824962160809
674 2.99810552082262
675 2.999174106249539
676 3.0077504144732936
677 3.009290468530423
678 3.010018417088575
679 3.012605127423597
680 3.0160879103425287
681 3.017925183221358
682 3.0187516255680835
683 3.0237573910365607
684 3.0237831465188916
685 3.038571432353232
686 3.0387593956603762
687 3.04276319719126
688 3.044155770636062
689 3.0481265400830266
690 3.0523461861630965
691 3.052620154671482
692 3.0547219846319056
693 3.0573118238230697
694 3.0593404573918184
695 3.0686528956620895
696 3.0694314248223606
697 3.0700679767307406
698 3.07097111550575
699 3.08029793028646
700 3.0898413159022766
701 3.0925104656759257
702 3.094220590302962
703 3.0974180612741016
704 3.100824636595619
705 3.1028585375589715
706 3.1051274431491893
707 3.1054689414866035
708 3.105542335180584
709 3.115628983832011
710 3.119909433420572
711 3.120750613215095
712 3.1266680572069645
713 3.1290677051492835
714 3.131483192529026
715 3.132209581753494
716 3.133838804897857
717 3.137257801008815
718 3.1407398757904303
719 3.1438637070602713
720 3.146073274923782
721 3.14823964686045
722 3.1496447056008914
723 3.155649787151646
724 3.1565485543996505
725 3.158815312998531
726 3.16045809018313
727 3.1637177307875155
728 3.1658387948745883
729 3.167283909553532
730 3.1678268058111017
731 3.1800092312796466
732 3.18376612664335
733 3.186381551701322
734 3.1945151584337967
735 3.2031899785547293
736 3.205915549701257
737 3.2064996605917844
738 3.2236370436670723
739 3.2311310469068912
740 3.2362334052345
741 3.2382618582697207
742 3.238266284579013
743 3.238646577490733
744 3.2487476785700764
745 3.250863507587619
746 3.2584664364998237
747 3.2608586361734138
748 3.270498669026142
749 3.2720102046804227
750 3.2792540892437065
751 3.284080598484605
752 3.287464669707421
753 3.2876742703312067
754 3.289909583008436
755 3.294388719253998
756 3.298207950688863
757 3.3026453458640277
758 3.304507676153251
759 3.3108327841455187
760 3.3158405814980854
761 3.316893127938616
762 3.319635089624275
763 3.320036261161785
764 3.320384505396041
765 3.3262948115351287
766 3.3266956810316866
767 3.3289215524998728
768 3.332871952956163
769 3.3355712956208063
770 3.3356611106710874
771 3.343281795962004
772 3.347160675753241
773 3.348501891566711
774 3.3526222340988445
775 3.3528943548664807
776 3.3571742015913673
777 3.3596499299393243
778 3.363099712404044
779 3.367463040068902
780 3.3721693494905236
781 3.3761696729535564
782 3.3775711927164274
783 3.380659247965644
784 3.383829438622095
785 3.391672264797449
786 3.4064117562165075
787 3.4097474588623653
788 3.413806153304416
789 3.4150920162901537
790 3.415441881624422
791 3.421319647189087
792 3.421651544311906
793 3.422290575428108
794 3.4292485553024
795 3.429515170823669
796 3.4318867479905344
797 3.4336008554982067
798 3.4363441617066215
799 3.4369621195281055
800 3.439143778783328
801 3.4401331559182506
802 3.444845459471466
803 3.4573800147641753
804 3.4573983205329304
805 3.4580563733810212
806 3.462761349578475
807 3.467754430235008
808 3.468076155315352
809 3.469012327955936
810 3.477147879148518
811 3.481573488036119
812 3.489922805132287
813 3.496092402558354
814 3.496841301136137
815 3.503673965315373
816 3.5045663841951047
817 3.506909183933397
818 3.507401242837161
819 3.5101383923618505
820 3.5120888611346173
821 3.5180744877736383
822 3.520372663418998
823 3.5210752815680597
824 3.523946630667562
825 3.525686146794459
826 3.5302328270293604
827 3.5361275620039865
828 3.5388354418030996
829 3.5409923426297376
830 3.544422955005298
831 3.5473084512991324
832 3.5557035805880157
833 3.5625920273203118
834 3.5653246676446018
835 3.568000684563335
836 3.5718727135952024
837 3.573535008288198
838 3.574504919997839
839 3.5801889815689525
840 3.5813363524529493
841 3.581761310989376
842 3.582189356805371
843 3.583973017270526
844 3.586918395299989
845 3.591030956092893
846 3.5922335942596733
847 3.5960867704385984
848 3.6016203189461895
849 3.602097752506451
850 3.603037671915166
851 3.612490951919918
852 3.612646851564632
853 3.620139705415085
854 3.620529235964788
855 3.6245517800021365
856 3.626448373576745
857 3.632575257530449
858 3.6330861906893124
859 3.634978407203472
860 3.6352430106873452
861 3.636412923736713
862 3.638455901983562
863 3.6412745488962632
864 3.64593047264016
865 3.645987943016986
866 3.650909246255068
867 3.6527236888919936
868 3.6529391732203074
869 3.653396438944774
870 3.6550040540392574
871 3.662621969532734
872 3.6628677337970186
873 3.663241670666438
874 3.6651330304093306
875 3.6721867689146954
876 3.673474155803697
877 3.6766031360074307
878 3.6829791019357137
879 3.695081674354941
880 3.708461188299284
881 3.709346477772344
882 3.7140529284674226
883 3.7143545155613946
884 3.7197573393842425
885 3.734437810406754
886 3.7390226885018554
887 3.7411024868286082
888 3.7504224653325697
889 3.7511546601582713
890 3.761822443432435
891 3.764592131246683
892 3.766962401793102
893 3.772737901734658
894 3.7747482693822954
895 3.7789682608833606
896 3.7806995210235796
897 3.7842252827369864
898 3.7852342266194907
899 3.7906308538405122
900 3.794436258166414
901 3.795430961885019
902 3.7963822617209786
903 3.7987955177805404
904 3.8000321508566213
905 3.80177773325111
906 3.803025130260733
907 3.803128462837656
908 3.8187215250639612
909 3.820438586081471
910 3.8225714001742066
911 3.8258147418383923
912 3.8317735559594848
913 3.8328965534311017
914 3.8330999103240235
915 3.833511452975104
916 3.8348030222767746
917 3.8353138994552256
918 3.844697400704139
919 3.848711890982933
920 3.8516977208539265
921 3.8563353885421936
922 3.8602666270537487
923 3.8663293196873196
924 3.8677210998355873
925 3.871124495232963
926 3.871811304138787
927 3.8741914688959675
928 3.874363423838091
929 3.878751573622458
930 3.8929259310689552
931 3.8978577488332307
932 3.8983814060523203
933 3.9008633637227925
934 3.9116857028898235
935 3.913783734308415
936 3.918566907207594
937 3.922251594397196
938 3.9262123939716393
939 3.9281146856716243
940 3.928606486749589
941 3.93218115790582
942 3.932369175997119
943 3.9328737415372004
944 3.9350326692066293
945 3.935605276643381
946 3.935979856572971
947 3.943448400313955
948 3.944008079554151
949 3.944544712139212
950 3.9469371745972968
951 3.9488579079269295
952 3.9493087502808475
953 3.9496861745621064
954 3.9604083891603663
955 3.962108396403801
956 3.965878203259763
957 3.967684585268408
958 3.984114863754896
959 3.984669232691392
960 4.005799178571218
961 4.009756960951474
962 4.010693766821562
963 4.029434776159278
964 4.034441225435343
965 4.034765959916433
966 4.037101050571814
967 4.037768957261002
968 4.038973927396861
969 4.039447049277902
970 4.040942269915714
971 4.04449263663082
972 4.044902245522289
973 4.051663749653366
974 4.053175265156491
975 4.054814923781676
976 4.055454622581296
977 4.0567246382883795
978 4.06013900437241
979 4.062292331055926
980 4.063699717466124
981 4.068939061962395
982 4.069812985126876
983 4.06993724844048
984 4.071352732716681
985 4.086351325743483
986 4.088070531761805
987 4.088909199552981
988 4.08973914907428
989 4.092224629061359
990 4.097531645016234
991 4.106485138281
992 4.107063643525373
993 4.111489876355996
994 4.122620106643117
995 4.122820378786368
996 4.12555181540455
997 4.12906358474154
998 4.129475935958871
999 4.137541585868528
Final Time for Neff = 100 and 1000substitutions is 4.137541585868528
