0 0.00046541576625242913
1 0.0015956597249324562
2 0.0016139617298077463
3 0.001739722985608609
4 0.001934766763321438
5 0.0030335103213505604
6 0.0032501472049998727
7 0.0037190576289775476
8 0.006912207088894264
9 0.007910585465408656
10 0.008367709685491309
11 0.009708299238994484
12 0.010721293835866195
13 0.011657492838179354
14 0.013207956461825411
15 0.013643865933389425
16 0.014067824464492285
17 0.016208828570625767
18 0.018372495950352983
19 0.01903364945045654
20 0.019393868845712526
21 0.021523464459852603
22 0.02414082243857986
23 0.024305801097647597
24 0.024840723837344328
25 0.02604519706707634
26 0.02807849113641729
27 0.0286668460305216
28 0.02889415842414388
29 0.031210735439070523
30 0.032254694312708
31 0.03454067257955461
32 0.03633057548248206
33 0.03978157615720753
34 0.04025998287244191
35 0.040663543521733465
36 0.04304832749799016
37 0.043737482201017974
38 0.04406959898090995
39 0.04594182994774944
40 0.04596065108725934
41 0.04716655647013436
42 0.048391967409690005
43 0.05188715963331002
44 0.05455381699867536
45 0.05497735099744418
46 0.05996356200339818
47 0.06062727473148518
48 0.06085532582396948
49 0.0610218572839399
50 0.06559894607274162
51 0.06593536262641984
52 0.06716169465417249
53 0.06883038178671712
54 0.06927197464765561
55 0.06965542961382265
56 0.07257635657757223
57 0.07521743745063168
58 0.07776404235835012
59 0.08037350003312449
60 0.08120352096729093
61 0.08473851733604507
62 0.0873033763141178
63 0.08910569960844394
64 0.08922376764689771
65 0.09071323860024486
66 0.09199764531534256
67 0.09253172424302909
68 0.09265619958611764
69 0.09496821038032115
70 0.09695644627630862
71 0.09769919555987631
72 0.10079369182628553
73 0.10134049389088634
74 0.10673855791208459
75 0.10714078572206132
76 0.10748656541829711
77 0.10791785665758227
78 0.10904666359484182
79 0.10942835319092778
80 0.1094855854811646
81 0.11652494513052443
82 0.11686104827927728
83 0.12053127533253725
84 0.12087979432248465
85 0.12194654324082602
86 0.1250771836141332
87 0.13197403089230064
88 0.13225186637597328
89 0.13304418277182864
90 0.13318565304802446
91 0.1335601486082326
92 0.1336671218146505
93 0.1340110186811931
94 0.13429204824931643
95 0.13677845728689178
96 0.14018107810540362
97 0.14184885936937372
98 0.14592784862964692
99 0.14708340685736404
100 0.14754024097221377
101 0.14857395422512854
102 0.14960827123610176
103 0.14972904562212366
104 0.15007078381060418
105 0.1501105809333658
106 0.15068613516665336
107 0.1512623360072351
108 0.15361180717502712
109 0.1545720740766232
110 0.15524011541386304
111 0.15770979481498357
112 0.1589549405009809
113 0.15905751978946295
114 0.16189953231084347
115 0.1631952982299477
116 0.16402977729319665
117 0.16728946219866245
118 0.17218798119738576
119 0.17455859160101156
120 0.17491672806033942
121 0.17589257771317615
122 0.17882497995649793
123 0.1793740962868275
124 0.18030632640790764
125 0.1803438846883269
126 0.18074717909510535
127 0.18392769091009498
128 0.1840598273059834
129 0.19060828228699078
130 0.19198092135253184
131 0.1947044517579912
132 0.2005654216397719
133 0.20210172595678222
134 0.20320425208172868
135 0.20453626758259838
136 0.2059126562767119
137 0.20706600393585606
138 0.20787775932063238
139 0.2081879966648607
140 0.20867990391113245
141 0.2105764708331759
142 0.21362082970436672
143 0.21380746405499065
144 0.2150257855938122
145 0.21567278066334392
146 0.21626767166068056
147 0.21814002081863246
148 0.22112228195738964
149 0.22124487785258165
150 0.22392031352272843
151 0.22479850788814218
152 0.22504678139583695
153 0.22574884592820488
154 0.22622254679265805
155 0.2270538937249457
156 0.2276907416652015
157 0.2287292266752315
158 0.22873119919910784
159 0.2295256864201646
160 0.23233339230592256
161 0.23248540238789184
162 0.2358308173005833
163 0.23623143860420606
164 0.2379547163827434
165 0.2402594020345513
166 0.24085098194819532
167 0.2431182365037558
168 0.24333865117017783
169 0.24374919662982214
170 0.24501188425964954
171 0.2455006680902405
172 0.2510675871941788
173 0.25140639432137374
174 0.25141632031366684
175 0.2517975380791545
176 0.25213825647084637
177 0.2521740976631148
178 0.2562016231543443
179 0.2614558238094637
180 0.26207955326347077
181 0.26362400600715624
182 0.2649865396536451
183 0.26614267514063916
184 0.2690345425566881
185 0.2701232633827049
186 0.2710393683675746
187 0.27199850376389195
188 0.2729264085861387
189 0.27309574144936216
190 0.2734405282826215
191 0.275733256848899
192 0.278325171496132
193 0.2798686121238327
194 0.2811237702969368
195 0.28165649951196825
196 0.28197695534074685
197 0.28293709010712853
198 0.28420655178518983
199 0.286115022609078
200 0.28846928239002895
201 0.2895632956467195
202 0.2923511268873413
203 0.2924296206234504
204 0.2935979979689449
205 0.294481383766084
206 0.29502792965000496
207 0.29684167771294834
208 0.29727192433595123
209 0.30073879003505516
210 0.3016884268657339
211 0.3021773648882751
212 0.30275256238877796
213 0.3047106487402481
214 0.30834985507064055
215 0.3138987547340879
216 0.3143343595823485
217 0.31503257890995556
218 0.3192896587272015
219 0.31950601457375133
220 0.3226906124165657
221 0.32334548351273645
222 0.3236535179836243
223 0.32386346709248665
224 0.32474887928946
225 0.3256728984180084
226 0.3271891102338676
227 0.32845072296336275
228 0.33250978659257935
229 0.3329033656821095
230 0.3335094586404411
231 0.33402661548674595
232 0.33484567893033607
233 0.33493568440590105
234 0.3385824192835927
235 0.34596269891352605
236 0.34648154268742265
237 0.348325331497192
238 0.349533757419641
239 0.3500323700100527
240 0.35093321231011254
241 0.351888826641462
242 0.3524675106486289
243 0.35480065482799994
244 0.3596150419255345
245 0.36072272274940437
246 0.3608494345187944
247 0.3629481672648395
248 0.3635795630490218
249 0.3640017904016655
250 0.3651573002345799
251 0.3675641630173151
252 0.3677485184503017
253 0.3681300100257664
254 0.3728521194668935
255 0.3763142282897137
256 0.37751218427996247
257 0.3775799055336231
258 0.38158454354143345
259 0.3828030065547263
260 0.3829929257004496
261 0.38325632055304226
262 0.3845019657374346
263 0.3849927539809082
264 0.3861221153379868
265 0.3877721683632926
266 0.3889568707932973
267 0.3897493215785554
268 0.3904132672490289
269 0.3915120992369928
270 0.3918062970854817
271 0.3919873404958529
272 0.39484874696615474
273 0.39492750356049144
274 0.395055800201776
275 0.3955365761999242
276 0.3955640599972194
277 0.4024721451924981
278 0.40472463081237403
279 0.40615674570794186
280 0.4068978271300148
281 0.4100887093640648
282 0.4109448172261752
283 0.41221656055778494
284 0.41289064070034853
285 0.4181866136369591
286 0.4185653759524257
287 0.4187509360945364
288 0.4194727243375148
289 0.42232636150603386
290 0.42251026225379507
291 0.4234974400383674
292 0.4245746301396712
293 0.42567280075651276
294 0.42696989626135184
295 0.42719485246322536
296 0.42751974874113075
297 0.42899059273420986
298 0.429842988674498
299 0.4314882368687246
300 0.43190822914489385
301 0.4343153981504045
302 0.434430014631862
303 0.4386976693052356
304 0.43935817052097237
305 0.44058101142666095
306 0.4421338961751677
307 0.4433274201493679
308 0.44431520040119066
309 0.44639618018452454
310 0.44688996766992706
311 0.4490131239551993
312 0.4497536971556603
313 0.45303123207037316
314 0.4535061329059367
315 0.4560805612657428
316 0.45643567906318794
317 0.4646315577000219
318 0.46548477557930285
319 0.4655571728460901
320 0.4662015444603058
321 0.46671140923952226
322 0.46788627232942426
323 0.46865939496084785
324 0.46983704963873035
325 0.47258852127656853
326 0.4732079594467982
327 0.47569234122226517
328 0.4757212570322926
329 0.4785574182515914
330 0.48019388971189964
331 0.4836081284012761
332 0.48360988227521834
333 0.4844686487879298
334 0.487103860108599
335 0.4885493210386816
336 0.49122693550650837
337 0.4932551697286988
338 0.4938027526258116
339 0.49402203696476343
340 0.4941719574078651
341 0.4967373116557956
342 0.49956806569491796
343 0.5009814898286223
344 0.5024246715083183
345 0.5063516003677523
346 0.5105409085411617
347 0.5116622694088805
348 0.5124815693954456
349 0.5130533790295776
350 0.5132827649426718
351 0.5153059757501658
352 0.5163678760149663
353 0.5171914735162649
354 0.5173607888667637
355 0.5180830142044699
356 0.5189007859745501
357 0.5211214635211917
358 0.5255121303131336
359 0.5257148899070684
360 0.5312914549866281
361 0.5317907883558209
362 0.5338961676008136
363 0.5351656426508614
364 0.5353169935727871
365 0.5371077300337058
366 0.537337228997075
367 0.5395370295446256
368 0.5410000611192083
369 0.5424846265942315
370 0.544303348027368
371 0.5462751574528733
372 0.5467819224268635
373 0.5507260472015134
374 0.5517442987221889
375 0.553772571904523
376 0.5615630184572551
377 0.5632951530129203
378 0.5641518304919729
379 0.564501788281132
380 0.5650472002215644
381 0.5678933004416407
382 0.5702578439261135
383 0.5718404207262531
384 0.5728129194921212
385 0.5755274634752517
386 0.5782976890714329
387 0.57974627795763
388 0.5823245644882487
389 0.5849234679110452
390 0.589524374755839
391 0.5906593036272069
392 0.5912912712967188
393 0.5913848609188842
394 0.5915599749609642
395 0.591930025150662
396 0.5939567599682105
397 0.5940568050886443
398 0.5946400742881023
399 0.5973371257040105
400 0.5987038955920148
401 0.6018693319550286
402 0.602130803626407
403 0.6043499926195519
404 0.6064354107579532
405 0.6094471034035314
406 0.6113183869119397
407 0.6119224222611627
408 0.6123873634836218
409 0.615581426711415
410 0.6171610868091845
411 0.6219489445196011
412 0.6221402851478204
413 0.6223875974578831
414 0.6227688658790446
415 0.6232176793519285
416 0.624254665602182
417 0.6248706173738038
418 0.62747715591088
419 0.6294177473932843
420 0.6333032970472597
421 0.6338141991614131
422 0.6351769299866139
423 0.6365682187837515
424 0.6368543555435606
425 0.6376878946701905
426 0.6394310843557713
427 0.6406875032841883
428 0.6414799423128078
429 0.6421191709728635
430 0.6432447474078803
431 0.6445085337318511
432 0.6448712849144705
433 0.6484417662928589
434 0.6490818200173185
435 0.6492773224297952
436 0.649325041625749
437 0.6517473782719346
438 0.6531006664100074
439 0.6545456923772971
440 0.6549142644205297
441 0.6553087444546599
442 0.6562835550321788
443 0.6588539812888937
444 0.6619297481800603
445 0.6622948518053178
446 0.6655212375279903
447 0.6664311607800355
448 0.668535323597859
449 0.6702600837481483
450 0.6739210001730421
451 0.6742452809988403
452 0.6767825066691215
453 0.678889598517385
454 0.6799167880130838
455 0.6800033012005041
456 0.682933114820981
457 0.6830361587137889
458 0.6848379436432857
459 0.6848572547400749
460 0.6857935493084782
461 0.6879473574008141
462 0.6919679542372307
463 0.6920907853893754
464 0.6938880912946118
465 0.6964863879657408
466 0.6971278051189956
467 0.6975219227944598
468 0.6984363318363561
469 0.6995064369433218
470 0.7018978727823806
471 0.7034096794092206
472 0.7035067840444825
473 0.7035936382396257
474 0.7051478604587751
475 0.7051979067815659
476 0.7081786812383598
477 0.7084390157331827
478 0.7119622595097126
479 0.7120848216752836
480 0.7129903300943584
481 0.7136786221531569
482 0.7144595629156104
483 0.7191052113464514
484 0.7198279931076388
485 0.7224840697223945
486 0.724782987742042
487 0.7306212660326749
488 0.7321689860342743
489 0.7339996594807946
490 0.7380502198666598
491 0.7391859755489091
492 0.7392814362510465
493 0.7401155957610944
494 0.7452831788995762
495 0.7470739720361804
496 0.748471743447723
497 0.7487522429916845
498 0.7497165122892664
499 0.749810621950964
500 0.7508882371663265
501 0.7512359732761688
502 0.7525812025795892
503 0.7529834045402702
504 0.7548924813015352
505 0.7565215218574266
506 0.7570039205740041
507 0.7586345396633897
508 0.7613634178040113
509 0.7619365604208754
510 0.7627506625873647
511 0.7639054399199956
512 0.7653376084079104
513 0.7655445322152026
514 0.7672609892765757
515 0.7691409140219914
516 0.7702719963950765
517 0.7725552543577313
518 0.7743966022993085
519 0.7746872893571352
520 0.778548104976535
521 0.7792633641585215
522 0.781871744890426
523 0.7823072793400334
524 0.7858255343227561
525 0.7868247318090674
526 0.787007469502545
527 0.7877093272648859
528 0.7901795036394349
529 0.7927416645215654
530 0.7967193966418239
531 0.7983173202954635
532 0.7986228535285662
533 0.7987011602880121
534 0.8007789756332157
535 0.8009699758755014
536 0.8027252052404384
537 0.8028003414017524
538 0.8044563965225686
539 0.8059417816388567
540 0.806982466832965
541 0.8072856104425079
542 0.8082898302485635
543 0.811534104675531
544 0.8123921191790441
545 0.8125480113002651
546 0.8141647073009447
547 0.8150195084850265
548 0.8157689503343013
549 0.8165476984029124
550 0.8182883965352322
551 0.8187750595792409
552 0.8192048139572075
553 0.822723357949864
554 0.8241798851572452
555 0.8275210787734616
556 0.8312231026649822
557 0.8315421119455507
558 0.8319322569578199
559 0.8334476247152046
560 0.8345674433561031
561 0.8354907106847121
562 0.8377241270436421
563 0.8377435953769469
564 0.8409431865861435
565 0.8441989827212305
566 0.8444474587069346
567 0.8460068778929596
568 0.8466718189191009
569 0.8480518198582433
570 0.8480923432399734
571 0.8491024059342495
572 0.8497451202955789
573 0.8514524961299834
574 0.8562930122821844
575 0.8584772398166953
576 0.8592419730124754
577 0.8593893190134247
578 0.8603091691324867
579 0.8611901331939374
580 0.8617983908485299
581 0.8630214464415886
582 0.8631242621543943
583 0.8649698454418682
584 0.868681732639845
585 0.8724240112713747
586 0.8740948753449952
587 0.8742486352481436
588 0.8748213498711759
589 0.8753301614241593
590 0.8761868421114185
591 0.8768292663623859
592 0.8779950209940558
593 0.8796684504882031
594 0.8820416693045307
595 0.8834217887824102
596 0.8890120587901865
597 0.8932688321918048
598 0.8961874779479506
599 0.8963243671799553
600 0.8983535900492141
601 0.8994414295746762
602 0.9001167712269221
603 0.9004294158998817
604 0.901765276159854
605 0.90875135200776
606 0.9095732362066973
607 0.9096818128222766
608 0.9108379797600497
609 0.9114125616517866
610 0.912898207146388
611 0.914131375759405
612 0.9178962922327665
613 0.918206207134056
614 0.920853735166928
615 0.9227924491575074
616 0.9237921148506067
617 0.9274743954324635
618 0.9283062977492285
619 0.9303079434189176
620 0.9328360956308177
621 0.9342934337434178
622 0.9361363302166298
623 0.9379138327071515
624 0.9407083702234933
625 0.9408697526255216
626 0.9424160626398124
627 0.9429264139948991
628 0.9434773167111529
629 0.9460341111423878
630 0.9468405151631432
631 0.9476341741743814
632 0.9481381114821579
633 0.9492614837917132
634 0.9495527910086549
635 0.9526458817712352
636 0.9526707304124161
637 0.9528772367857983
638 0.9564105555589223
639 0.95647134573405
640 0.9574167121640549
641 0.957661925016184
642 0.9577232524160538
643 0.9595637310663053
644 0.9600247016169388
645 0.9605075696588506
646 0.9605854983572969
647 0.9607967349614986
648 0.962814965212277
649 0.964089121445435
650 0.9648752344472407
651 0.9656050038387612
652 0.9697972973532307
653 0.9703103052235672
654 0.97278645914455
655 0.9731129089927184
656 0.974333340591176
657 0.9744163392080252
658 0.9745169516701546
659 0.9746223911438916
660 0.9756397401945899
661 0.9765079682533201
662 0.978588690185579
663 0.9793824806846554
664 0.9821353562763252
665 0.9859128505516154
666 0.9869324242092683
667 0.9872311384428382
668 0.9907099228726862
669 0.9923113739537696
670 0.9936975781181964
671 0.9939893618221839
672 0.9949151584421574
673 0.995165208686935
674 0.9954710339984847
675 0.9958107218134699
676 0.9968032439429512
677 0.9977944815184998
678 0.9982442127066441
679 0.9983121667276903
680 0.9991086975008858
681 1.0002809867851923
682 1.000465052446602
683 1.0048637330511403
684 1.0058397702628457
685 1.0059755228087104
686 1.0071626370397413
687 1.0098685947626997
688 1.0114061575622395
689 1.0137704691610934
690 1.015206266659
691 1.0157525028469878
692 1.0159636487696946
693 1.016057974896146
694 1.0162328056753454
695 1.0164130129322844
696 1.016825146692885
697 1.01997268664687
698 1.0205686033346784
699 1.020676435056865
700 1.02271913248915
701 1.0233602450621346
702 1.02737373209541
703 1.0274648389341294
704 1.028269188844209
705 1.0326071866298492
706 1.0328267767184072
707 1.033027117444861
708 1.0335957604951784
709 1.0346903058473527
710 1.0360794827938276
711 1.036218690869017
712 1.0379047340881389
713 1.0394691135751635
714 1.040239368446024
715 1.0405735956949365
716 1.041276247015448
717 1.043541032239158
718 1.0437835877010537
719 1.0479259701971024
720 1.0504861239455958
721 1.0537707947494976
722 1.054887747844345
723 1.0559425239070626
724 1.055995368789492
725 1.0565072926374577
726 1.059322190503205
727 1.0602732767634997
728 1.0603888196202629
729 1.0607358110241785
730 1.0626120278514222
731 1.0644766393055476
732 1.0661223131821413
733 1.067190990486288
734 1.067365402963119
735 1.0685629472189515
736 1.06865405247786
737 1.071123927552632
738 1.0746906368917963
739 1.0757510261910797
740 1.0766349338123418
741 1.0794682966284255
742 1.0806924317272366
743 1.0816332750524424
744 1.0816713590544662
745 1.0846147554793386
746 1.0851468752477693
747 1.085785759369153
748 1.090119240646103
749 1.0911680740310328
750 1.0946035280630848
751 1.0969873261503527
752 1.0975315986720195
753 1.098170397562161
754 1.1005440204440555
755 1.1006068990550497
756 1.101072944862804
757 1.1030084398111257
758 1.1036575198050513
759 1.1070801484090458
760 1.107184906586698
761 1.1075142364304267
762 1.1077321853105353
763 1.1115046882020319
764 1.1117395643831967
765 1.1136726911239743
766 1.114194474099541
767 1.1147852675703682
768 1.1147892757570081
769 1.1219853396795654
770 1.122662855285157
771 1.1260997626712308
772 1.1261686322970355
773 1.129637401071247
774 1.1341862098463318
775 1.1353866309148728
776 1.139384821286179
777 1.1415375097685103
778 1.1447464880333604
779 1.145466314892929
780 1.1476855874926728
781 1.1492706039916554
782 1.1534165150276572
783 1.155725043052597
784 1.1557617065659795
785 1.1583446215978135
786 1.1619982424191082
787 1.1634735047734939
788 1.1635527440282758
789 1.1649614312283336
790 1.165867036309309
791 1.166110683068657
792 1.1662353798508351
793 1.1666199868759868
794 1.1671190940194605
795 1.170442851782038
796 1.1706606167526155
797 1.1737888391248605
798 1.178951542879587
799 1.180030713606611
800 1.1818736386814293
801 1.1831003629301315
802 1.184266891552984
803 1.1867282149890572
804 1.1875648049036103
805 1.1900646462281375
806 1.1914756346506257
807 1.1975032925047628
808 1.1977253283663667
809 1.1992805721443633
810 1.1995922998743846
811 1.2089027097566767
812 1.2104598959429036
813 1.2108287816351153
814 1.212758092771088
815 1.2141098575443574
816 1.2183857273539846
817 1.2197519030228487
818 1.2215946708258663
819 1.2219995134491008
820 1.2245205689629357
821 1.2276309835511479
822 1.2317176224501247
823 1.2318625728362915
824 1.232840377224768
825 1.2333996315738627
826 1.2356200970398221
827 1.2394357057193048
828 1.2396275538514443
829 1.2404535253571887
830 1.2411143532551325
831 1.241248738835048
832 1.2429511283011678
833 1.2443263446873245
834 1.2454989280698674
835 1.2457496793347442
836 1.246368886529361
837 1.2464899677445431
838 1.2468359055086198
839 1.2473837094727847
840 1.2473942212386955
841 1.2486489956246842
842 1.2502800023323153
843 1.2535335467641244
844 1.2535864851098946
845 1.2537904230206598
846 1.253938192447915
847 1.254317157021275
848 1.255049785344436
849 1.2565619648846214
850 1.2597179843320743
851 1.2604768202946965
852 1.2619336494755318
853 1.2621367983669012
854 1.264538328880403
855 1.2655037331464487
856 1.2668104491328553
857 1.2671291205184947
858 1.267837547382112
859 1.2711392275757076
860 1.2717448467740609
861 1.2748166338272606
862 1.2748203127128988
863 1.276456562141973
864 1.2768350679735723
865 1.2794674664899792
866 1.2813699302220019
867 1.2837673203669422
868 1.2855055235395096
869 1.285547768842739
870 1.2862293935486115
871 1.2930048311733782
872 1.2939606271701847
873 1.295284125314567
874 1.2953844458737946
875 1.298766690015991
876 1.3007388041290149
877 1.3090645398037044
878 1.3096395760806991
879 1.3101659069669886
880 1.3135793827602054
881 1.3154644634429586
882 1.3160666631082765
883 1.3163826856649976
884 1.3166573677743125
885 1.3191976302385275
886 1.3206312594772975
887 1.3225941263822814
888 1.3227886712590327
889 1.3252541367413408
890 1.3256528288575802
891 1.3261740720742765
892 1.3274526587321323
893 1.3276958815571451
894 1.3279797251059684
895 1.3297619782285506
896 1.3315785039534993
897 1.3375712844007683
898 1.3419662783921091
899 1.3420861009821308
900 1.3457914944420355
901 1.3460747801636388
902 1.3484622358353755
903 1.349123451092815
904 1.3518519304986074
905 1.3540547782523114
906 1.3595659324689868
907 1.3600786746742346
908 1.361473981680398
909 1.3620061803302994
910 1.3639080769847969
911 1.3650991327585433
912 1.3670670102651574
913 1.3686556349599888
914 1.3718988305394246
915 1.375454927385728
916 1.3770992931278612
917 1.379827118045955
918 1.382254001592729
919 1.388525185073033
920 1.3898984422013876
921 1.3937472850181682
922 1.393794427340256
923 1.3952823979446662
924 1.395342193211625
925 1.4056654537541606
926 1.4072143927804033
927 1.407543316706443
928 1.4088471062429822
929 1.411047376472383
930 1.412352481950694
931 1.4175431607884375
932 1.4185361631560596
933 1.4196737229639893
934 1.420959180288141
935 1.421112172067811
936 1.4225290199552243
937 1.4231237427499754
938 1.4249784010242268
939 1.4257904052834125
940 1.4259865078142533
941 1.42660110384717
942 1.4276939748959496
943 1.427985360493519
944 1.4285839321956901
945 1.429553348839055
946 1.4298698902812268
947 1.4312024061883104
948 1.4351976824627823
949 1.4352304424999736
950 1.437041644440157
951 1.43845283234926
952 1.4395205564185587
953 1.440686366361128
954 1.442914171872523
955 1.4439068973083327
956 1.4444197151451572
957 1.444818695550274
958 1.4466748296751444
959 1.4477756416288474
960 1.4488270726792916
961 1.449776860861389
962 1.4515961884590178
963 1.451673651388909
964 1.4534246260521724
965 1.4539240336959134
966 1.455961783291783
967 1.4563300065614486
968 1.4566770831247287
969 1.4575359666199348
970 1.461198685613642
971 1.4617942041348284
972 1.4642139180144045
973 1.4660201587151456
974 1.4688863023529124
975 1.4704237292030593
976 1.4716280946780875
977 1.478108745202315
978 1.478405438513105
979 1.4788017712284602
980 1.4791195629449116
981 1.4829433948109239
982 1.4841341845673244
983 1.4852918384318892
984 1.487044571327258
985 1.4877890607185864
986 1.4877959004235024
987 1.4886742601630558
988 1.490189936134046
989 1.490839732749749
990 1.4919282941862233
991 1.4920288027393396
992 1.4920868831670915
993 1.4936457959893923
994 1.4979463897032446
995 1.5043794535441608
996 1.5044500876356257
997 1.5046873739162867
998 1.5081673658538668
999 1.5089651719855113
Final Time for Neff = 100 and 1000substitutions is 1.5089651719855113
