0 0.004823550887900446
1 0.008711044871208651
2 0.032217621118490136
3 0.0514053548831986
4 0.06962140886467805
5 0.07012240801470622
6 0.11002737033499993
7 0.1106446012046966
8 0.11194362613015547
9 0.11447781478516385
10 0.12184203154845002
11 0.13810595216588425
12 0.14473165611757094
13 0.15276322827792432
14 0.15316823471305516
15 0.1534875569246271
16 0.16327277250132693
17 0.17807084399095596
18 0.1844368390247995
19 0.20396684619212613
20 0.2174458557574871
21 0.22013059700833462
22 0.23355340418975218
23 0.2559775647844753
24 0.2603840310294853
25 0.26188438047399865
26 0.27483251735316316
27 0.2808875468954953
28 0.2809180708743992
29 0.2846212902529847
30 0.28586493569456883
31 0.2925292548102494
32 0.2944699869268121
33 0.35260027272605765
34 0.36334126343481615
35 0.3676483719496805
36 0.368924912480899
37 0.3777119369107157
38 0.3798904839052127
39 0.38321457374577106
40 0.39149030242311356
41 0.39812265041252276
42 0.4044572621955947
43 0.4086564094065462
44 0.41770052245818323
45 0.4272282062059405
46 0.448250426803802
47 0.4519086349059722
48 0.4553091798944674
49 0.45551207834471114
50 0.4760934969472911
51 0.4779942512517795
52 0.4783068567570777
53 0.5127104699636641
54 0.516256143999384
55 0.518965295227303
56 0.5249148341799138
57 0.5366312973624384
58 0.5420123249293245
59 0.5577723571288067
60 0.5597951780892494
61 0.5638596239767867
62 0.5997892826361393
63 0.6027465623075563
64 0.6232399308880217
65 0.6511370554888474
66 0.657344464386064
67 0.657711285794774
68 0.6775905889316696
69 0.686988321554937
70 0.6873194326940754
71 0.6884366021916843
72 0.6980614502266514
73 0.7095111719684737
74 0.727926531681587
75 0.7303842881948255
76 0.7310636472393081
77 0.737115577657326
78 0.7422178367565306
79 0.7534049218465901
80 0.7561496867067801
81 0.7649756560020956
82 0.7651960165850447
83 0.7685916895026664
84 0.7902632772693087
85 0.7961243286487644
86 0.7976206196673516
87 0.8054007670616035
88 0.8075931221089013
89 0.8143117276596255
90 0.8435670089839042
91 0.85337271251368
92 0.8539799339288817
93 0.8545337655872837
94 0.8616114840527536
95 0.8693942252150775
96 0.8741047104218749
97 0.8803744411920666
98 0.8810457570637652
99 0.8853686990260498
100 0.88627908594088
101 0.8881374388078197
102 0.8909687289858342
103 0.8959808448505688
104 0.9017425983471687
105 0.9024431018826503
106 0.9079087093735787
107 0.9260868014783299
108 0.933484739505321
109 0.9351167624696982
110 0.9387084362733331
111 0.9405018111703477
112 0.9477473486054544
113 0.9567747733435582
114 0.9573348711103149
115 0.9703664594052255
116 0.9807418328982018
117 0.983368874853562
118 0.9842903279945677
119 0.9901785475147623
120 0.9916029431497152
121 0.99301336812398
122 1.0191921577143812
123 1.030112501329551
124 1.04085307309468
125 1.0495859429250567
126 1.0789428224589928
127 1.0796364193088546
128 1.0848537908722202
129 1.0995785187528204
130 1.1040895470860006
131 1.1146818287145055
132 1.1219802367588334
133 1.1235253674400376
134 1.1235357628582494
135 1.130182285125811
136 1.1328645166161229
137 1.1461708763241425
138 1.1617039839197796
139 1.168958244379934
140 1.1784033365433326
141 1.1930690964973771
142 1.1950275265144534
143 1.1988594909275005
144 1.1997558032916886
145 1.2127651397696404
146 1.2226195595760934
147 1.2293144104240048
148 1.2474496069248995
149 1.2540344536569497
150 1.2584201243447215
151 1.2651660507591578
152 1.287709185077323
153 1.2989101339231373
154 1.3043188893353146
155 1.3056677465880993
156 1.3170589940225834
157 1.318632191792062
158 1.3290909372677182
159 1.3396984604282929
160 1.3426984016456154
161 1.3716505447897527
162 1.3835147738866347
163 1.3839086538046892
164 1.3888272836868714
165 1.4018172972501708
166 1.4033582477395947
167 1.4094895598906514
168 1.4149232001295167
169 1.4350933596772844
170 1.4369308723146912
171 1.443606593128552
172 1.4489957418019377
173 1.4494217277474912
174 1.45187695839406
175 1.4719236382873804
176 1.4740629707107065
177 1.4838403576688104
178 1.4943132629312281
179 1.5035364937808784
180 1.5096410804609257
181 1.5160601104537181
182 1.539520999489161
183 1.5441037318289146
184 1.5442280811176483
185 1.5925173519371878
186 1.6007668788870055
187 1.605878528175736
188 1.615676472006027
189 1.6197856861419833
190 1.6226684620866207
191 1.6448142925370024
192 1.6719805507933787
193 1.684544740747096
194 1.7009011506268485
195 1.7024296072235616
196 1.7050215380098808
197 1.7149320779227546
198 1.7189502289219427
199 1.7234310482251858
200 1.7258811143539385
201 1.7378691314585037
202 1.7416770097259513
203 1.7451796493786034
204 1.7517969965077853
205 1.7728176704283447
206 1.7810329537413536
207 1.8148868328803518
208 1.825526446530524
209 1.8355675188672849
210 1.841407214840849
211 1.841775820433958
212 1.843185245225195
213 1.8442988391613728
214 1.8500005653462297
215 1.8583877310472783
216 1.8733555709786016
217 1.8796413933831935
218 1.893609354628831
219 1.8937918017162974
220 1.9020917355452889
221 1.9117372967533093
222 1.9162309980226628
223 1.931874987114584
224 1.9320813962928605
225 1.9320894510890525
226 1.937615579356335
227 1.942296367469717
228 1.952981021680441
229 1.9549413453299906
230 1.957943925661941
231 1.972269958209993
232 1.9816337738605585
233 1.9851623987285842
234 1.985929025050708
235 1.9947413529801907
236 2.0120313428811287
237 2.014746945856417
238 2.0541084126525626
239 2.0593525343668166
240 2.0663059621827613
241 2.0726247207219384
242 2.080496870817554
243 2.0812818782365854
244 2.082051968167261
245 2.0890439508258978
246 2.102488837325503
247 2.11969016030524
248 2.1237517457753325
249 2.1344188736430354
250 2.140218057611621
251 2.147831508559385
252 2.1529955793609834
253 2.1589610036241416
254 2.160093443213004
255 2.1661361385490747
256 2.16700626149655
257 2.168945698930686
258 2.1727656088074614
259 2.191725219976756
260 2.2026678953377656
261 2.2053741790215384
262 2.212664387546171
263 2.2194245524562746
264 2.239021586278907
265 2.2421819794820297
266 2.2453643995501635
267 2.245919841299923
268 2.2556218347635935
269 2.2884834123128326
270 2.3044457986116895
271 2.308310293254074
272 2.3199344578643033
273 2.3371570435168576
274 2.3479917888748885
275 2.358525771910295
276 2.358884850086447
277 2.3618598023877375
278 2.3656922451249685
279 2.3665125397735496
280 2.372622708220703
281 2.387045608860505
282 2.3879213436822235
283 2.4030408802790304
284 2.4160394592372527
285 2.419045317940024
286 2.4322681041304905
287 2.4485993424399353
288 2.45607052075599
289 2.457494539898826
290 2.46732025574081
291 2.4781372708494245
292 2.487678176514736
293 2.4903980437285975
294 2.516938140723085
295 2.5487141563915885
296 2.5508539272532946
297 2.5548498270592095
298 2.5688582034023626
299 2.5718686877609866
300 2.611353112403699
301 2.616773087381426
302 2.617685797088472
303 2.626328688107779
304 2.634332867249503
305 2.651606502354556
306 2.677412296799788
307 2.686325111639883
308 2.6910673210003018
309 2.6932748321914035
310 2.7243454353862218
311 2.7306712651604435
312 2.7371867481292376
313 2.7446436040980755
314 2.7471090834373335
315 2.7552145826053605
316 2.756232384486935
317 2.7680343774587617
318 2.784628825501072
319 2.8007920023137447
320 2.809116598294121
321 2.8110487651877216
322 2.811912735639565
323 2.814626168662308
324 2.8246976789559537
325 2.832266235287164
326 2.8423122268594265
327 2.842505976691603
328 2.844258048428009
329 2.8479489835275524
330 2.854394533917986
331 2.8672690205358418
332 2.8689481358851996
333 2.8691158338943468
334 2.8830081402943555
335 2.891697280217802
336 2.893123293229644
337 2.895511972188644
338 2.9051791318813174
339 2.9174288400896233
340 2.9217162173987865
341 2.9348066100923655
342 2.949769944322928
343 2.9565139648120975
344 2.9670884287929566
345 2.9812782502720467
346 2.9896865962631893
347 2.9934220645426763
348 3.002029050481312
349 3.0051838136761755
350 3.011200652436398
351 3.0226592249456683
352 3.035252154072
353 3.0364913813549084
354 3.0434516376373613
355 3.04862904505544
356 3.0512653480949874
357 3.0593526041126164
358 3.0663115021740226
359 3.0713568330361714
360 3.078142728894584
361 3.0785427964589376
362 3.084110484643626
363 3.0858867239269787
364 3.0878175242703674
365 3.089358072690147
366 3.091435554788928
367 3.1084519612316703
368 3.118931784392306
369 3.124172549998461
370 3.141434239694331
371 3.1638289093102054
372 3.180848076000155
373 3.225889940485546
374 3.2458892458542743
375 3.251827964114306
376 3.2580833528821866
377 3.259316065685419
378 3.2611837232884424
379 3.2666400838216987
380 3.274283586840812
381 3.344125520893311
382 3.36898389082638
383 3.3767774648729585
384 3.4008033995011813
385 3.4044766755444362
386 3.425073914530872
387 3.4488961481645615
388 3.4525484117106133
389 3.459854381224176
390 3.4604532725544095
391 3.4614376176022046
392 3.4636640238089296
393 3.4712481671069972
394 3.4766574672283497
395 3.4823134016778643
396 3.483193070037237
397 3.4876432544042073
398 3.505953984080766
399 3.510556619997008
400 3.52845356417696
401 3.5312930590765754
402 3.538989283827116
403 3.5471588790076685
404 3.5548926634165494
405 3.55641728947107
406 3.5587810766322976
407 3.559512350838613
408 3.559556077357738
409 3.560421379535748
410 3.563430294511426
411 3.578218855959127
412 3.5790985789472227
413 3.58291684242178
414 3.600376903068644
415 3.6058661960661724
416 3.6274615653386575
417 3.6311992601735503
418 3.643601035219751
419 3.6470625540314154
420 3.653184660611004
421 3.6587544757249675
422 3.6645793347379234
423 3.66513653861336
424 3.671007790450893
425 3.6773834401057717
426 3.681979402565648
427 3.6865969020815306
428 3.703854358292166
429 3.7101904719622767
430 3.7112969982409054
431 3.7124364676379824
432 3.716858810592348
433 3.7219244263688545
434 3.722191104817694
435 3.7248067340955586
436 3.7309942116486057
437 3.7332587484018918
438 3.734156321889585
439 3.738148481598236
440 3.742417800157186
441 3.7647520611318193
442 3.770720121057052
443 3.7736931327350356
444 3.788831849657389
445 3.7889757718005947
446 3.7913433206624405
447 3.794203544652331
448 3.800429773765577
449 3.8012418801968897
450 3.8153276954895685
451 3.8186098078038633
452 3.842538196423856
453 3.844923999020678
454 3.8462195184187946
455 3.8553347248371153
456 3.858310823682407
457 3.862036818597644
458 3.8781941259568486
459 3.8955637298714967
460 3.8957964128707268
461 3.897404229044248
462 3.9039202835321074
463 3.908141298726357
464 3.913524782552561
465 3.914722151434113
466 3.92452969370894
467 3.9260394743461484
468 3.931511505720906
469 3.9328028999800897
470 3.9446932650397493
471 3.9542215227879214
472 3.966359249486545
473 3.966727207727536
474 3.970394656987643
475 3.989769051661967
476 3.997759460546698
477 3.9988799687737773
478 4.0016919641922435
479 4.00592551687421
480 4.007156057412518
481 4.007630561821393
482 4.024387846680845
483 4.045506302437355
484 4.055425969347551
485 4.080796300557591
486 4.094652451036411
487 4.111680582606928
488 4.1149773729145505
489 4.1230319105250075
490 4.132915979984901
491 4.135821362001539
492 4.137185848626055
493 4.14867314894539
494 4.148870199962747
495 4.149769110580918
496 4.150661003516289
497 4.154643666980492
498 4.166506191225144
499 4.172273148755193
500 4.180162140425961
501 4.182775637005701
502 4.1988024545614735
503 4.226174029539142
504 4.228367841663455
505 4.230919314091668
506 4.240789785619769
507 4.246352188468179
508 4.278248652423002
509 4.288324748233773
510 4.303074797626034
511 4.319846217527943
512 4.327268525669461
513 4.32991946892691
514 4.332072480992189
515 4.340820577028769
516 4.357477372276188
517 4.398873557268172
518 4.448829364447141
519 4.451063242905382
520 4.452469926817808
521 4.463863724656893
522 4.464431173492026
523 4.4675785971503075
524 4.470456764838086
525 4.481401150947276
526 4.4985376592333175
527 4.543136491171821
528 4.557838509394659
529 4.564572989801106
530 4.567041113021259
531 4.567712969356645
532 4.569956908079077
533 4.579387501341475
534 4.589978714769359
535 4.595309497886677
536 4.597250406307327
537 4.599263147895485
538 4.599702686396031
539 4.600347145532889
540 4.604983300444459
541 4.6152565562348125
542 4.617820616083366
543 4.617911940160058
544 4.626741924162436
545 4.6321073188406885
546 4.63283277643494
547 4.634323621450079
548 4.6361676853939295
549 4.642062603446265
550 4.647072252761203
551 4.662720276116767
552 4.6778733758148725
553 4.6845808731884
554 4.688591754394351
555 4.6912145473337405
556 4.691399428732215
557 4.716363984912244
558 4.725230703134495
559 4.733672845121768
560 4.739292683322444
561 4.739970245068513
562 4.744439572343222
563 4.74465195406483
564 4.7552983943808735
565 4.758211065205969
566 4.760414870161963
567 4.7775701307737855
568 4.779928341132084
569 4.7852221112864255
570 4.790079527802147
571 4.809750620103804
572 4.815401338612027
573 4.816317697135502
574 4.818023898200422
575 4.82739377244725
576 4.835528214621143
577 4.873779925026267
578 4.878087233396977
579 4.882603867918549
580 4.885256432245073
581 4.887104254582018
582 4.895812914055727
583 4.8971911338790655
584 4.8990362864533665
585 4.922913674396986
586 4.927129677298097
587 4.9292279858700425
588 4.929942670727781
589 4.933410828254942
590 4.943769411267843
591 4.947144437826067
592 4.951674000415869
593 4.961922260915022
594 4.962911924251242
595 4.988824215449882
596 5.000412958274523
597 5.002560589676333
598 5.003357483182392
599 5.006555784269409
600 5.007733127998455
601 5.029842272942143
602 5.030988541484581
603 5.031649071890919
604 5.035144256181914
605 5.036234673977664
606 5.047074887032574
607 5.0483900636104035
608 5.050721083236387
609 5.050819431358551
610 5.064078909916073
611 5.072770400546438
612 5.075822997493452
613 5.080373551769626
614 5.082780271883758
615 5.085837681654749
616 5.104389026366106
617 5.11312965132803
618 5.1320635125073535
619 5.143830066031358
620 5.149612553971818
621 5.151826289176901
622 5.1527192250288465
623 5.159446854330898
624 5.179024689278236
625 5.1835328866527925
626 5.186970009850677
627 5.189711730454611
628 5.206618304453047
629 5.219610047209201
630 5.222084255501866
631 5.223685784188763
632 5.227012006203653
633 5.230012261264679
634 5.234108813745082
635 5.234459963218174
636 5.236673512599804
637 5.243816285743399
638 5.245648991359395
639 5.267244040900911
640 5.288308648667935
641 5.293899975842349
642 5.296114433006455
643 5.325752987023025
644 5.3338671954769685
645 5.335236330386428
646 5.335950787779076
647 5.340496337185623
648 5.340937818847481
649 5.34827386848085
650 5.351718120076691
651 5.353123157564277
652 5.35750994288829
653 5.365681485258432
654 5.369432179801259
655 5.370297185375643
656 5.380034545103798
657 5.383375256700192
658 5.392302187468181
659 5.398484840104856
660 5.414475411103642
661 5.414737393679133
662 5.419001180336924
663 5.427470001793826
664 5.445857147052841
665 5.447866016409998
666 5.451927022698639
667 5.457253994945738
668 5.487278790626096
669 5.504257413954744
670 5.5260697445431175
671 5.538132193377111
672 5.540356760049611
673 5.561526263418134
674 5.563309762764287
675 5.57086137434343
676 5.5826866587187025
677 5.586964467040404
678 5.591302678848688
679 5.592335061318961
680 5.604839869014132
681 5.61200431140828
682 5.618806893451124
683 5.62704916787393
684 5.629737540863148
685 5.629760307570041
686 5.629817680350917
687 5.638150478223929
688 5.63975032769672
689 5.641515595742479
690 5.641600176610535
691 5.643276707957864
692 5.645507324908252
693 5.650584180615296
694 5.652054330126428
695 5.666705899082045
696 5.687380553825507
697 5.688056226651502
698 5.688310763725605
699 5.690550961166807
700 5.691138260434263
701 5.693458598470235
702 5.695272356655031
703 5.699425849315528
704 5.708355780580571
705 5.71011084151214
706 5.711212693983424
707 5.717249796857339
708 5.719151208526418
709 5.720767619650406
710 5.727751692708542
711 5.728502829116065
712 5.732889604315303
713 5.735470786934967
714 5.7419138559388845
715 5.748754851424339
716 5.749055988634579
717 5.749949256396609
718 5.756871795482732
719 5.759473641859794
720 5.765554668231987
721 5.767066517974439
722 5.773678999493675
723 5.7767794705887265
724 5.784531161520849
725 5.787462472345004
726 5.808375316389151
727 5.810843884811705
728 5.8126954436406075
729 5.819532910073225
730 5.821356429266906
731 5.8250826354177345
732 5.827608244404312
733 5.838785713514318
734 5.841096130480937
735 5.851930798763165
736 5.857907948607931
737 5.8600414538607
738 5.8602966125095
739 5.880834144921527
740 5.8918251687478955
741 5.894125531761293
742 5.9013547530534805
743 5.9172276561746795
744 5.937078159539018
745 5.939186132186118
746 5.958181741162953
747 5.960822465187578
748 5.961277775387039
749 5.9679279080075345
750 5.974265980956193
751 5.975807585393831
752 5.978266823814135
753 5.987356303422043
754 6.014526535587871
755 6.029498466962186
756 6.041307518154495
757 6.045241708073975
758 6.053420247224615
759 6.054191555540728
760 6.058143046665946
761 6.064265508459246
762 6.06458306787708
763 6.070459580240339
764 6.0751210426647395
765 6.078182320167073
766 6.091269950125726
767 6.102027337893937
768 6.118105781525649
769 6.129613900675429
770 6.1396037177497895
771 6.14196757300079
772 6.146853050918354
773 6.15368074805427
774 6.159103317729757
775 6.1607593953722315
776 6.161123306044497
777 6.164876103574719
778 6.167765730726256
779 6.184742431377763
780 6.189249896464043
781 6.198742910076219
782 6.200650828576543
783 6.201053036617253
784 6.207217184576167
785 6.208206803729015
786 6.208303385010576
787 6.210434269443722
788 6.216801036416398
789 6.218663624942598
790 6.2196937961192695
791 6.222158170484944
792 6.223862532066603
793 6.228797257307795
794 6.23013541016441
795 6.234481831020699
796 6.237316233682895
797 6.243091495506034
798 6.245473991187474
799 6.245775035371175
800 6.25233547741516
801 6.256972555247273
802 6.257697842089613
803 6.260534312412651
804 6.261627664727778
805 6.266811823901909
806 6.269486986721048
807 6.275525877881308
808 6.2803726159327296
809 6.315018055586975
810 6.315236560457995
811 6.327694678402059
812 6.333343969497259
813 6.338157643447712
814 6.341200941770624
815 6.35694712386099
816 6.373544628527077
817 6.388949119151322
818 6.406138809647312
819 6.413542482613051
820 6.414227358610002
821 6.415803065492877
822 6.418126519054664
823 6.427379482649054
824 6.429131955206462
825 6.4468877111123986
826 6.451280011654669
827 6.452924138989319
828 6.474416004278402
829 6.481530916945214
830 6.482379358397174
831 6.492492749879359
832 6.501165680286586
833 6.511470437693127
834 6.512380637661064
835 6.524023002373464
836 6.5260040994543465
837 6.527957197117267
838 6.5310498737449985
839 6.534946814497893
840 6.539128670387156
841 6.547471998143566
842 6.558337396503046
843 6.564561936250754
844 6.5675968437163625
845 6.5874295498157
846 6.58764560205708
847 6.593606486409562
848 6.597052643353188
849 6.605036136926449
850 6.618539574133499
851 6.619473211948724
852 6.620307868158111
853 6.6308459250478
854 6.6457516696244445
855 6.648804312254432
856 6.656324938691928
857 6.66151027313594
858 6.6684968632283095
859 6.695740733189607
860 6.709048938542379
861 6.711684188753226
862 6.714458025986256
863 6.718610850539811
864 6.720418207529752
865 6.729352557798082
866 6.729400379743366
867 6.731543500414465
868 6.7316118973316765
869 6.733240328408667
870 6.743465656057727
871 6.748006634290108
872 6.749936176886185
873 6.755633578875205
874 6.768287255857966
875 6.7751498074463345
876 6.779065446346453
877 6.796687406614703
878 6.805869099707566
879 6.818953812844359
880 6.825952845370351
881 6.828890630565445
882 6.834825721451585
883 6.836663164021207
884 6.840285876421755
885 6.8407317968596235
886 6.845117140360836
887 6.8501769415741505
888 6.865367342370252
889 6.8680574574982565
890 6.87497171982462
891 6.877957905504144
892 6.883878327689002
893 6.888270276099953
894 6.890389185833942
895 6.892318500439314
896 6.896508916193658
897 6.907083316692287
898 6.907826846811876
899 6.909845338612983
900 6.91589931665035
901 6.923971115837754
902 6.929540843085293
903 6.938736395017379
904 6.943781852573597
905 6.949963027652335
906 6.954377355820514
907 6.972857418583437
908 6.975304871618724
909 6.994045952368103
910 6.994521740820222
911 7.005746473125458
912 7.0112441673875345
913 7.014262250258979
914 7.0331702196949895
915 7.04500551266328
916 7.055535197434076
917 7.057655640092687
918 7.06118453434806
919 7.069909465131511
920 7.071309092030352
921 7.086469827360237
922 7.088675513814007
923 7.090453813523462
924 7.098602427480583
925 7.098875799779208
926 7.098988348183035
927 7.100315561902764
928 7.105373258652708
929 7.106137456256509
930 7.132946457098871
931 7.134311008756938
932 7.1379706542424195
933 7.1555762607730475
934 7.166684272598621
935 7.171804900066761
936 7.173942188214845
937 7.183319718054657
938 7.18398717707519
939 7.185017009806004
940 7.190255681092951
941 7.19489791435643
942 7.2020624306890575
943 7.217236851561984
944 7.227575723613153
945 7.233567958269596
946 7.237169915653183
947 7.24016323942377
948 7.2467114505184265
949 7.253443841300413
950 7.256473520564776
951 7.264769331881861
952 7.268165194928652
953 7.268963913653981
954 7.276417285364832
955 7.276568058816025
956 7.277886038660271
957 7.283709008207262
958 7.2845666549443795
959 7.286293624047378
960 7.293960124667372
961 7.30018950255783
962 7.322775334512439
963 7.325776188772099
964 7.331044029080219
965 7.3327765163156595
966 7.345095990179592
967 7.351305225499211
968 7.353667996520207
969 7.3551677032426035
970 7.356278619867329
971 7.362007741038889
972 7.365185682455273
973 7.373968395015157
974 7.374945079309126
975 7.385881470522474
976 7.386314391838566
977 7.386410987543628
978 7.392312578574782
979 7.394476651189845
980 7.395344603578056
981 7.40804861885051
982 7.409799812737524
983 7.421735129071041
984 7.4311918878852055
985 7.4316589110457185
986 7.44258774578239
987 7.449658144111275
988 7.450140253573545
989 7.455868351864492
990 7.458707693965268
991 7.4649866214792056
992 7.467296303691127
993 7.479690572702482
994 7.487553995678352
995 7.488804822480336
996 7.496627176903548
997 7.499238233839005
998 7.504565033961022
999 7.509615101330118
Final Time for Neff = 100 and 1000substitutions is 7.509615101330118
