Supplemental results for CODEML (seqf: RealPAPNumbered.txt  treef: RealPAPTree.trees)


MLEs of dN/dS (w) for site classes (K=4)

p:   0.45108  0.21725  0.27046  0.06122
w:   0.00000  0.01261  0.19139  0.72781

Naive Empirical Bayes (NEB) probabilities for 4 classes & postmean_w
(amino acids refer to 1st sequence: sequence1)

   1 S   0.00000 0.04721 0.94766 0.00512 ( 3)  0.186
   2 T   0.00000 0.00000 0.46878 0.53122 ( 4)  0.476
   3 L   0.64931 0.27875 0.07168 0.00026 ( 1)  0.017
   4 R   0.67092 0.27481 0.05347 0.00080 ( 1)  0.014
   5 F   0.63600 0.27716 0.08641 0.00043 ( 1)  0.020
   6 V   0.69623 0.27711 0.02664 0.00001 ( 1)  0.009
   7 A   0.66099 0.27903 0.05979 0.00019 ( 1)  0.015
   8 V   0.00008 0.39801 0.60069 0.00122 ( 3)  0.121
   9 G   0.63888 0.27713 0.08350 0.00048 ( 1)  0.020
  10 D   0.72792 0.26420 0.00788 0.00000 ( 1)  0.005
  11 W   0.63666 0.27752 0.08548 0.00035 ( 1)  0.020
  12 G   0.59024 0.26692 0.13981 0.00303 ( 1)  0.032
  13 G   0.69263 0.27813 0.02923 0.00001 ( 1)  0.009
  14 V   0.00012 0.58132 0.41829 0.00027 ( 2)  0.088
  15 P   0.71087 0.27318 0.01595 0.00000 ( 1)  0.007
  16 N   0.65619 0.27934 0.06431 0.00016 ( 1)  0.016
  17 A   0.72289 0.26732 0.00979 0.00000 ( 1)  0.005
  18 P   0.65773 0.27903 0.06299 0.00025 ( 1)  0.016
  19 F   0.71415 0.27205 0.01380 0.00000 ( 1)  0.006
  20 H   0.00000 0.00033 0.98117 0.01850 ( 3)  0.201
  21 T   0.59308 0.26767 0.13646 0.00280 ( 1)  0.032
  22 A   0.00013 0.60753 0.39221 0.00013 ( 2)  0.083
  23 R   0.67562 0.28004 0.04430 0.00004 ( 1)  0.012
  24 E   0.62986 0.27598 0.09354 0.00062 ( 1)  0.022
  25 M   0.00000 0.00028 0.97799 0.02173 ( 3)  0.203
  26 A   0.72289 0.26732 0.00979 0.00000 ( 1)  0.005
  27 N   0.66639 0.27915 0.05434 0.00012 ( 1)  0.014
  28 A   0.70393 0.27494 0.02112 0.00001 ( 1)  0.008
  29 K   0.67497 0.27973 0.04524 0.00005 ( 1)  0.012
  30 E   0.00007 0.33533 0.66247 0.00213 ( 3)  0.133
  31 I   0.00006 0.31679 0.67936 0.00379 ( 3)  0.137
  32 A   0.00011 0.51978 0.47984 0.00027 ( 2)  0.099
  33 R   0.00004 0.21488 0.77608 0.00900 ( 3)  0.158
  34 T   0.00000 0.02794 0.94780 0.02426 ( 3)  0.199
  35 V   0.00000 0.03972 0.95360 0.00668 ( 3)  0.188
  36 Q   0.00000 0.02151 0.95860 0.01989 ( 3)  0.198
  37 I   0.00000 0.04131 0.95318 0.00551 ( 3)  0.187
  38 M   0.00000 0.00107 0.87189 0.12704 ( 3)  0.259
  39 G   0.69228 0.27777 0.02993 0.00002 ( 1)  0.009
  40 A   0.00000 0.00048 0.61348 0.38604 ( 3)  0.398
  41 D   0.00014 0.64490 0.35486 0.00011 ( 2)  0.076
  42 F   0.71418 0.27203 0.01379 0.00000 ( 1)  0.006
  43 I   0.00000 0.09375 0.90549 0.00076 ( 3)  0.175
  44 M   0.00000 0.01598 0.93536 0.04866 ( 3)  0.215
  45 S   0.69282 0.27831 0.02887 0.00001 ( 1)  0.009
  46 L   0.64534 0.27827 0.07607 0.00032 ( 1)  0.018
  47 G   0.69143 0.27850 0.03006 0.00001 ( 1)  0.009
  48 D   0.72792 0.26420 0.00788 0.00000 ( 1)  0.005
  49 N   0.69538 0.27720 0.02741 0.00001 ( 1)  0.009
  50 F   0.70372 0.27580 0.02048 0.00000 ( 1)  0.007
  51 Y   0.71197 0.27280 0.01523 0.00000 ( 1)  0.006
  52 F   0.71194 0.27301 0.01505 0.00000 ( 1)  0.006
  53 T   0.00000 0.00000 0.10939 0.89061 ( 4)  0.669
  54 G   0.65665 0.27881 0.06429 0.00025 ( 1)  0.016
  55 V   0.69364 0.27765 0.02870 0.00002 ( 1)  0.009
  56 H   0.00000 0.00000 0.31146 0.68854 ( 4)  0.561
  57 D   0.00000 0.02859 0.95632 0.01509 ( 3)  0.194
  58 A   0.00000 0.00048 0.98851 0.01101 ( 3)  0.197
  59 N   0.00000 0.00000 0.41247 0.58753 ( 4)  0.507
  60 D   0.72792 0.26420 0.00788 0.00000 ( 1)  0.005
  61 K   0.70017 0.27669 0.02314 0.00001 ( 1)  0.008
  62 R   0.68511 0.27930 0.03556 0.00002 ( 1)  0.010
  63 F   0.69742 0.27728 0.02529 0.00001 ( 1)  0.008
  64 Q   0.00005 0.26384 0.73260 0.00350 ( 3)  0.146
  65 E   0.70457 0.27511 0.02031 0.00001 ( 1)  0.007
  66 T   0.71836 0.27003 0.01162 0.00000 ( 1)  0.006
  67 F   0.66006 0.27944 0.06036 0.00014 ( 1)  0.015
  68 E   0.70616 0.27469 0.01915 0.00000 ( 1)  0.007
  69 D   0.00000 0.00007 0.69231 0.30762 ( 3)  0.356
  70 V   0.69331 0.27774 0.02894 0.00002 ( 1)  0.009
  71 F   0.71541 0.27154 0.01305 0.00000 ( 1)  0.006
  72 S   0.00000 0.00597 0.75795 0.23608 ( 3)  0.317
  73 D   0.00000 0.00578 0.98636 0.00787 ( 3)  0.195
  74 R   0.00000 0.00000 0.05685 0.94315 ( 4)  0.697
  75 A   0.00000 0.00000 0.44003 0.55997 ( 4)  0.492
  76 L   0.70433 0.27520 0.02047 0.00000 ( 1)  0.007
  77 R   0.00000 0.05332 0.94460 0.00208 ( 3)  0.183
  78 N   0.00000 0.00007 0.74453 0.25540 ( 3)  0.328
  79 I   0.00000 0.04973 0.94421 0.00606 ( 3)  0.186
  80 P   0.71087 0.27318 0.01595 0.00000 ( 1)  0.007
  81 W   0.63666 0.27752 0.08548 0.00035 ( 1)  0.020
  82 Y   0.69822 0.27657 0.02521 0.00001 ( 1)  0.008
  83 V   0.69724 0.27690 0.02585 0.00001 ( 1)  0.008
  84 L   0.64496 0.27822 0.07650 0.00032 ( 1)  0.018
  85 A   0.62999 0.27570 0.09358 0.00073 ( 1)  0.022
  86 G   0.69466 0.27756 0.02777 0.00001 ( 1)  0.009
  87 N   0.72769 0.26469 0.00762 0.00000 ( 1)  0.005
  88 H   0.67754 0.27953 0.04288 0.00005 ( 1)  0.012
  89 D   0.72593 0.26529 0.00878 0.00000 ( 1)  0.005
  90 H   0.69512 0.27718 0.02769 0.00002 ( 1)  0.009
  91 L   0.00003 0.17821 0.80453 0.01724 ( 3)  0.169
  92 G   0.71442 0.27178 0.01380 0.00000 ( 1)  0.006
  93 N   0.71274 0.27185 0.01542 0.00000 ( 1)  0.006
  94 V   0.72203 0.26748 0.01049 0.00000 ( 1)  0.005
  95 S   0.59025 0.26690 0.13982 0.00303 ( 1)  0.032
  96 A   0.64164 0.27707 0.08070 0.00059 ( 1)  0.019
  97 Q   0.63730 0.27732 0.08496 0.00042 ( 1)  0.020
  98 I   0.68660 0.27842 0.03495 0.00003 ( 1)  0.010
  99 A   0.71689 0.27025 0.01285 0.00000 ( 1)  0.006
 100 Y   0.70239 0.27597 0.02164 0.00000 ( 1)  0.008
 101 S   0.69893 0.27714 0.02393 0.00000 ( 1)  0.008
 102 K   0.00000 0.00001 0.81215 0.18785 ( 3)  0.292
 103 I   0.00000 0.00752 0.99045 0.00203 ( 3)  0.191
 104 S   0.70154 0.27631 0.02214 0.00000 ( 1)  0.008
 105 K   0.00009 0.43998 0.55944 0.00049 ( 3)  0.113
 106 R   0.70250 0.27610 0.02139 0.00000 ( 1)  0.008
 107 W   0.63666 0.27752 0.08548 0.00035 ( 1)  0.020
 108 N   0.00000 0.11132 0.88806 0.00062 ( 3)  0.172
 109 F   0.71541 0.27154 0.01305 0.00000 ( 1)  0.006
 110 P   0.70292 0.27531 0.02176 0.00001 ( 1)  0.008
 111 S   0.71611 0.27135 0.01254 0.00000 ( 1)  0.006
 112 P   0.61652 0.27325 0.10904 0.00119 ( 1)  0.025
 113 Y   0.00000 0.00371 0.98503 0.01127 ( 3)  0.197
 114 Y   0.71048 0.27332 0.01620 0.00000 ( 1)  0.007
 115 R   0.67726 0.27959 0.04310 0.00005 ( 1)  0.012
 116 L   0.64524 0.27830 0.07614 0.00032 ( 1)  0.018
 117 R   0.00000 0.00368 0.98205 0.01427 ( 3)  0.198
 118 F   0.71233 0.27284 0.01483 0.00000 ( 1)  0.006
 119 K   0.00004 0.19710 0.79123 0.01163 ( 3)  0.162
 120 V   0.00000 0.00042 0.97874 0.02084 ( 3)  0.202
 121 P   0.59137 0.26726 0.13849 0.00289 ( 1)  0.032
 122 R   0.00000 0.02759 0.96106 0.01135 ( 3)  0.193
 123 S   0.00000 0.00016 0.90293 0.09691 ( 3)  0.243
 124 N   0.72276 0.26755 0.00969 0.00000 ( 1)  0.005
 125 I   0.00000 0.00184 0.93748 0.06069 ( 3)  0.224
 126 T   0.00000 0.00013 0.89199 0.10787 ( 3)  0.249
 127 V   0.69724 0.27690 0.02585 0.00001 ( 1)  0.008
 128 A   0.72289 0.26732 0.00979 0.00000 ( 1)  0.005
 129 I   0.72231 0.26793 0.00976 0.00000 ( 1)  0.005
 130 F   0.00010 0.50046 0.49920 0.00024 ( 2)  0.102
 131 M   0.71197 0.27310 0.01493 0.00000 ( 1)  0.006
 132 L   0.64887 0.27865 0.07222 0.00027 ( 1)  0.018
 133 D   0.72792 0.26420 0.00788 0.00000 ( 1)  0.005
 134 T   0.63987 0.27717 0.08246 0.00050 ( 1)  0.020
 135 V   0.69724 0.27690 0.02585 0.00001 ( 1)  0.008
 136 M   0.00000 0.00276 0.97869 0.01855 ( 3)  0.201
 137 L   0.64379 0.27813 0.07774 0.00033 ( 1)  0.019
 138 C   0.63707 0.27706 0.08544 0.00044 ( 1)  0.020
 139 G   0.72193 0.26811 0.00996 0.00000 ( 1)  0.005
 140 N   0.72614 0.26556 0.00831 0.00000 ( 1)  0.005
 141 S   0.62796 0.27556 0.09576 0.00072 ( 1)  0.022
 142 D   0.00011 0.52149 0.47803 0.00037 ( 2)  0.098
 143 D   0.72792 0.26420 0.00788 0.00000 ( 1)  0.005
 144 F   0.66509 0.27959 0.05521 0.00011 ( 1)  0.014
 145 V   0.00000 0.00000 0.00415 0.99585 ( 4)  0.726
 146 S   0.71607 0.27135 0.01258 0.00000 ( 1)  0.006
 147 Q   0.00005 0.26215 0.73422 0.00359 ( 3)  0.146
 148 Q   0.66838 0.28022 0.05134 0.00006 ( 1)  0.013
 149 P   0.70157 0.27610 0.02232 0.00001 ( 1)  0.008
 150 E   0.00000 0.00001 0.62202 0.37797 ( 3)  0.394
 151 M   0.00000 0.00229 0.97405 0.02366 ( 3)  0.204
 152 P   0.71087 0.27318 0.01595 0.00000 ( 1)  0.007
 153 R   0.64837 0.27853 0.07281 0.00029 ( 1)  0.018
 154 D   0.00000 0.00060 0.98996 0.00944 ( 3)  0.196
 155 L   0.00000 0.00018 0.56115 0.43867 ( 3)  0.427
 156 G   0.00000 0.00000 0.00156 0.99844 ( 4)  0.727
 157 V   0.00000 0.00000 0.15671 0.84329 ( 4)  0.644
 158 A   0.72252 0.26751 0.00997 0.00000 ( 1)  0.005
 159 R   0.70314 0.27595 0.02090 0.00000 ( 1)  0.007
 160 T   0.00004 0.20710 0.78119 0.01168 ( 3)  0.161
 161 Q   0.66510 0.28013 0.05469 0.00008 ( 1)  0.014
 162 L   0.00004 0.20511 0.78458 0.01027 ( 3)  0.160
 163 S   0.00000 0.00001 0.83485 0.16514 ( 3)  0.280
 164 W   0.63666 0.27752 0.08548 0.00035 ( 1)  0.020
 165 L   0.00000 0.06707 0.93062 0.00231 ( 3)  0.181
 166 K   0.68382 0.27925 0.03690 0.00003 ( 1)  0.011
 167 K   0.00006 0.32505 0.67322 0.00166 ( 3)  0.134
 168 Q   0.00005 0.25911 0.73715 0.00369 ( 3)  0.147
 169 L   0.64806 0.27860 0.07306 0.00028 ( 1)  0.018
 170 A   0.00004 0.21686 0.77084 0.01227 ( 3)  0.159
 171 A   0.00004 0.22505 0.76666 0.00825 ( 3)  0.156
 172 A   0.72289 0.26732 0.00979 0.00000 ( 1)  0.005
 173 K   0.00009 0.45950 0.54006 0.00035 ( 3)  0.109
 174 E   0.70457 0.27511 0.02031 0.00001 ( 1)  0.007
 175 D   0.72792 0.26420 0.00788 0.00000 ( 1)  0.005
 176 Y   0.70205 0.27576 0.02218 0.00001 ( 1)  0.008
 177 V   0.00000 0.03305 0.95628 0.01066 ( 3)  0.191
 178 L   0.65077 0.27827 0.07061 0.00035 ( 1)  0.017
 179 V   0.69724 0.27690 0.02585 0.00001 ( 1)  0.008
 180 A   0.71185 0.27217 0.01598 0.00000 ( 1)  0.006
 181 G   0.72045 0.26883 0.01073 0.00000 ( 1)  0.005
 182 H   0.71745 0.27018 0.01237 0.00000 ( 1)  0.006
 183 Y   0.71197 0.27280 0.01523 0.00000 ( 1)  0.006
 184 P   0.69673 0.27739 0.02586 0.00001 ( 1)  0.008
 185 I   0.00000 0.00334 0.98101 0.01565 ( 3)  0.199
 186 W   0.63666 0.27752 0.08548 0.00035 ( 1)  0.020
 187 S   0.70009 0.27684 0.02307 0.00000 ( 1)  0.008
 188 I   0.68711 0.27873 0.03414 0.00002 ( 1)  0.010
 189 A   0.69955 0.27562 0.02482 0.00001 ( 1)  0.008
 190 E   0.70457 0.27511 0.02031 0.00001 ( 1)  0.007
 191 H   0.00008 0.41561 0.58326 0.00105 ( 3)  0.118
 192 G   0.68171 0.27918 0.03907 0.00004 ( 1)  0.011
 193 P   0.70722 0.27451 0.01827 0.00000 ( 1)  0.007
 194 T   0.71836 0.27003 0.01162 0.00000 ( 1)  0.006
 195 R   0.00000 0.00420 0.98829 0.00752 ( 3)  0.195
 196 C   0.70255 0.27642 0.02102 0.00000 ( 1)  0.008
 197 L   0.64805 0.27861 0.07307 0.00027 ( 1)  0.018
 198 V   0.72203 0.26748 0.01049 0.00000 ( 1)  0.005
 199 K   0.00000 0.01396 0.91269 0.07335 ( 3)  0.228
 200 N   0.00000 0.00000 0.07845 0.92155 ( 4)  0.686
 201 L   0.64311 0.27802 0.07852 0.00035 ( 1)  0.019
 202 R   0.00000 0.00000 0.07547 0.92453 ( 4)  0.687
 203 P   0.56847 0.26082 0.16522 0.00549 ( 1)  0.039
 204 L   0.64981 0.27876 0.07117 0.00025 ( 1)  0.017
 205 L   0.64555 0.27819 0.07592 0.00034 ( 1)  0.018
 206 A   0.00000 0.00003 0.93766 0.06231 ( 3)  0.225
 207 A   0.00000 0.00006 0.69697 0.30297 ( 3)  0.354
 208 Y   0.00000 0.00437 0.98905 0.00658 ( 3)  0.194
 209 G   0.00000 0.00000 0.16448 0.83552 ( 4)  0.640
 210 V   0.72203 0.26748 0.01049 0.00000 ( 1)  0.005
 211 T   0.68792 0.27853 0.03353 0.00002 ( 1)  0.010
 212 A   0.71986 0.26891 0.01123 0.00000 ( 1)  0.006
 213 Y   0.71197 0.27280 0.01523 0.00000 ( 1)  0.006
 214 L   0.65194 0.27898 0.06886 0.00022 ( 1)  0.017
 215 C   0.00000 0.00769 0.82409 0.16822 ( 3)  0.280
 216 G   0.70233 0.27561 0.02205 0.00001 ( 1)  0.008
 217 H   0.68631 0.27842 0.03524 0.00004 ( 1)  0.010
 218 D   0.71839 0.26920 0.01241 0.00000 ( 1)  0.006
 219 H   0.71745 0.27018 0.01237 0.00000 ( 1)  0.006
 220 N   0.72165 0.26816 0.01018 0.00000 ( 1)  0.005
 221 L   0.63602 0.27688 0.08657 0.00052 ( 1)  0.020
 222 Q   0.66838 0.28022 0.05134 0.00006 ( 1)  0.013
 223 Y   0.69147 0.27813 0.03039 0.00002 ( 1)  0.009
 224 L   0.62728 0.27514 0.09672 0.00087 ( 1)  0.023
 225 Q   0.66471 0.28013 0.05508 0.00008 ( 1)  0.014
 226 D   0.65934 0.27910 0.06138 0.00018 ( 1)  0.015
 227 E   0.70616 0.27469 0.01915 0.00000 ( 1)  0.007
 228 N   0.68295 0.27882 0.03819 0.00004 ( 1)  0.011
 229 G   0.70154 0.27565 0.02281 0.00001 ( 1)  0.008
 230 V   0.00000 0.00013 0.85069 0.14918 ( 3)  0.271
 231 G   0.72193 0.26811 0.00996 0.00000 ( 1)  0.005
 232 Y   0.00000 0.00220 0.95971 0.03808 ( 3)  0.211
 233 V   0.00000 0.01481 0.94738 0.03781 ( 3)  0.209
 234 L   0.64897 0.27871 0.07206 0.00026 ( 1)  0.017
 235 S   0.68824 0.27879 0.03296 0.00002 ( 1)  0.010
 236 G   0.69515 0.27784 0.02700 0.00001 ( 1)  0.009
 237 A   0.67848 0.27795 0.04347 0.00010 ( 1)  0.012
 238 G   0.69960 0.27673 0.02366 0.00001 ( 1)  0.008
 239 N   0.72461 0.26654 0.00886 0.00000 ( 1)  0.005
 240 F   0.71541 0.27154 0.01305 0.00000 ( 1)  0.006
 241 M   0.71197 0.27310 0.01493 0.00000 ( 1)  0.006
 242 D   0.72792 0.26420 0.00788 0.00000 ( 1)  0.005
 243 P   0.70143 0.27570 0.02286 0.00001 ( 1)  0.008
 244 S   0.67066 0.28011 0.04916 0.00006 ( 1)  0.013
 245 V   0.00000 0.00000 0.12142 0.87858 ( 4)  0.663
 246 R   0.00000 0.00000 0.22714 0.77286 ( 4)  0.606
 247 H   0.70781 0.27357 0.01862 0.00001 ( 1)  0.007
 248 Q   0.00000 0.00000 0.00048 0.99952 ( 4)  0.728
 249 R   0.00010 0.49468 0.50498 0.00024 ( 3)  0.103
 250 K   0.00000 0.05392 0.94375 0.00233 ( 3)  0.183
 251 V   0.71054 0.27270 0.01675 0.00000 ( 1)  0.007
 252 P   0.71087 0.27318 0.01595 0.00000 ( 1)  0.007
 253 N   0.00000 0.00348 0.97201 0.02451 ( 3)  0.204
 254 G   0.72193 0.26811 0.00996 0.00000 ( 1)  0.005
 255 Y   0.70830 0.27419 0.01752 0.00000 ( 1)  0.007
 256 L   0.65482 0.27902 0.06594 0.00022 ( 1)  0.016
 257 R   0.70853 0.27426 0.01720 0.00000 ( 1)  0.007
 258 F   0.69659 0.27738 0.02602 0.00001 ( 1)  0.008
 259 H   0.71745 0.27018 0.01237 0.00000 ( 1)  0.006
 260 Y   0.64452 0.27791 0.07722 0.00035 ( 1)  0.019
 261 G   0.67804 0.27952 0.04239 0.00005 ( 1)  0.012
 262 S   0.00000 0.00001 0.54691 0.45308 ( 3)  0.434
 263 E   0.70305 0.27567 0.02128 0.00001 ( 1)  0.008
 264 D   0.00000 0.00004 0.95997 0.04000 ( 3)  0.213
 265 S   0.65608 0.27894 0.06473 0.00024 ( 1)  0.016
 266 L   0.65018 0.27880 0.07077 0.00025 ( 1)  0.017
 267 G   0.63880 0.27725 0.08352 0.00043 ( 1)  0.020
 268 G   0.72193 0.26811 0.00996 0.00000 ( 1)  0.005
 269 F   0.69683 0.27722 0.02595 0.00001 ( 1)  0.008
 270 T   0.00000 0.00017 0.91462 0.08520 ( 3)  0.237
 271 Y   0.00009 0.44338 0.55592 0.00061 ( 3)  0.112
 272 V   0.00006 0.32642 0.67103 0.00249 ( 3)  0.134
 273 E   0.70616 0.27469 0.01915 0.00000 ( 1)  0.007
 274 I   0.70912 0.27344 0.01744 0.00000 ( 1)  0.007
 275 G   0.00000 0.07611 0.92317 0.00073 ( 3)  0.178
 276 S   0.00000 0.00468 0.98838 0.00694 ( 3)  0.194
 277 K   0.62022 0.27430 0.10461 0.00087 ( 1)  0.024
 278 E   0.69425 0.27738 0.02835 0.00002 ( 1)  0.009
 279 M   0.71197 0.27310 0.01493 0.00000 ( 1)  0.006
 280 S   0.00000 0.04771 0.94909 0.00320 ( 3)  0.185
 281 I   0.00000 0.00003 0.97156 0.02840 ( 3)  0.207
 282 T   0.67299 0.27949 0.04743 0.00009 ( 1)  0.013
 283 Y   0.68906 0.27840 0.03252 0.00002 ( 1)  0.010
 284 V   0.00000 0.00017 0.90886 0.09098 ( 3)  0.240
 285 E   0.66708 0.27949 0.05331 0.00011 ( 1)  0.014
 286 A   0.70936 0.27296 0.01768 0.00000 ( 1)  0.007
 287 S   0.00004 0.22156 0.77149 0.00691 ( 3)  0.155
 288 G   0.70001 0.27627 0.02372 0.00001 ( 1)  0.008
 289 K   0.68382 0.27925 0.03690 0.00003 ( 1)  0.011
 290 S   0.67130 0.27985 0.04878 0.00007 ( 1)  0.013
 291 L   0.71122 0.27279 0.01598 0.00000 ( 1)  0.007
 292 F   0.71194 0.27301 0.01505 0.00000 ( 1)  0.006
 293 K   0.70337 0.27583 0.02080 0.00000 ( 1)  0.007
 294 T   0.71836 0.27003 0.01162 0.00000 ( 1)  0.006
 295 S   0.00000 0.00000 0.56095 0.43904 ( 3)  0.427
 296 L   0.67137 0.27965 0.04890 0.00008 ( 1)  0.013
 297 P   0.68981 0.27847 0.03171 0.00002 ( 1)  0.010
 298 R   0.00007 0.35642 0.64243 0.00108 ( 3)  0.128
 299 R   0.00000 0.00013 0.30978 0.69008 ( 4)  0.562
 300 P   0.00000 0.00029 0.94995 0.04976 ( 3)  0.218

Positively selected sites

	Prob(w>1)  mean w



lnL = -4856.566110

