

TREE # 1

  0  0.0000   6133.928421  x:  0.03075   0.01878   0.05351   0.10550   0.07629   0.03406   0.07273   0.04975   0.05150   0.08212   0.07323   0.02207   0.07225   0.03298   0.03958   0.10893   0.07445   0.07850   0.02326   0.08968   0.06746   0.09517   0.01368   0.03047   0.04885   0.03432   4.00000   0.59670   0.35199   0.37523   0.20000   0.40482   0.55930   0.74587  
  1 99.0000   5592.471716  x:  0.08366   0.07169   0.04991   0.11722   0.07468   0.02690   0.11513   0.07411   0.13594   0.11125   0.09662   0.03016   0.10868   0.08435   0.04981   0.09908   0.09110   0.08286   0.07832   0.08481   0.05894   0.08314   0.00000   0.02862   0.17685   0.16327   3.99997   0.60076   0.35194   0.37335   0.17689   0.39136   0.54944   0.74430  
  2 4629.1174   5456.216654  x:  0.06767   0.05570   0.03650   0.13905   0.07329   0.00455   0.16067   0.10408   0.16700   0.15364   0.13975   0.02734   0.14982   0.09763   0.05238   0.06994   0.11901   0.09740   0.08421   0.06681   0.03962   0.04331   0.00000   0.00000   0.17656   0.13158   3.99995   0.61346   0.35109   0.36762   0.09253   0.35463   0.52540   0.73952  
  3 1123.2906   5456.216654  x:  0.06767   0.05570   0.03650   0.13905   0.07329   0.00455   0.16067   0.10408   0.16700   0.15364   0.13975   0.02734   0.14982   0.09763   0.05238   0.06994   0.11901   0.09740   0.08421   0.06681   0.03962   0.04331   0.00000   0.00000   0.17656   0.13158   3.99995   0.61346   0.35109   0.36762   0.09253   0.35463   0.52540   0.73952  
  4 33098.5472   5444.673048  x:  0.06768   0.05571   0.03650   0.13906   0.07329   0.00455   0.16068   0.10409   0.16702   0.15365   0.13976   0.02734   0.14984   0.09764   0.05238   0.06993   0.11902   0.09741   0.08423   0.06681   0.03962   0.04330   0.00036   0.00997   0.17659   0.13161   3.99995   0.61346   0.35109   0.36761   0.09250   0.35461   0.52539   0.73952  
  5 173297.8463   5442.065804  x:  0.06802   0.05605   0.03644   0.13923   0.07325   0.00451   0.16100   0.10431   0.16756   0.15394   0.14005   0.02736   0.15016   0.09793   0.05243   0.06968   0.11919   0.09748   0.08458   0.06671   0.03954   0.04295   0.00000   0.00998   0.17736   0.13236   3.99995   0.61362   0.35107   0.36755   0.09159   0.35425   0.52514   0.73946  
  6 1349.4611   5325.068899  x:  0.06301   0.05104   0.03196   0.14957   0.07058   0.01076   0.17459   0.11510   0.18780   0.16885   0.15630   0.02488   0.16479   0.10639   0.05252   0.05321   0.12804   0.10361   0.09185   0.06530   0.04155   0.01918   0.00000   0.01060   0.19423   0.13648   3.99977   0.62916   0.34885   0.36107   0.00000   0.32707   0.50627   0.73327  
  7 2483.3136   5279.922428  x:  0.06937   0.05740   0.03282   0.15784   0.07001   0.00350   0.18086   0.12379   0.19794   0.18012   0.16942   0.02510   0.17468   0.11029   0.05302   0.04120   0.13459   0.10991   0.09654   0.06757   0.04563   0.00000   0.00000   0.01112   0.19951   0.14145   3.99939   0.65134   0.34512   0.35225   0.00000   0.29890   0.48356   0.72245  
  8 3366.6306   5159.646774  x:  0.08426   0.07229   0.02986   0.16357   0.04658   0.05988   0.17517   0.12942   0.20074   0.18765   0.18520   0.01372   0.17944   0.10477   0.04311   0.00000   0.13051   0.10706   0.11620   0.04824   0.02607   0.00000   0.00000   0.01274   0.22648   0.19525   3.99700   0.75042   0.33274   0.31317   0.00000   0.16118   0.37557   0.66986  
  9 1481.4773   5059.523193  x:  0.07356   0.06159   0.00410   0.14873   0.00967   0.05994   0.15956   0.13153   0.21498   0.18324   0.18869   0.02560   0.17654   0.11792   0.03042   0.00000   0.11764   0.09772   0.13137   0.04203   0.03746   0.00000   0.00000   0.01381   0.26785   0.21996   3.99416   0.82059   0.33529   0.28440   0.00000   0.00000   0.27182   0.62647  
 10 1910.7760   5044.694376  x:  0.07136   0.05939   0.00402   0.14459   0.00000   0.05681   0.15384   0.13698   0.22319   0.18386   0.19417   0.01795   0.17668   0.11821   0.02339   0.00000   0.11558   0.09556   0.13077   0.03816   0.02812   0.00000   0.00000   0.01409   0.27771   0.22194   3.99309   0.83284   0.34302   0.27893   0.00000   0.00000   0.23291   0.61054  
 11 1066.7329   5006.581954  x:  0.06806   0.05609   0.03353   0.13649   0.00216   0.09582   0.12864   0.16694   0.24808   0.18799   0.23690   0.02678   0.18098   0.11337   0.00441   0.00000   0.10787   0.09522   0.13136   0.05248   0.04630   0.00000   0.00000   0.01498   0.30660   0.23361   3.98776   0.85207   0.39114   0.27416   0.00000   0.00000   0.05093   0.54070  
 12 912.5237   5004.928352  x:  0.06806   0.05609   0.03067   0.13567   0.00000   0.09738   0.12737   0.16896   0.24781   0.18917   0.24089   0.02878   0.18206   0.11289   0.00418   0.00000   0.10821   0.09701   0.13193   0.05077   0.04640   0.00000   0.00000   0.01500   0.30497   0.23532   3.98732   0.85110   0.39376   0.27607   0.00000   0.00000   0.04836   0.53302  
 13 191.6370   5003.244453  x:  0.06797   0.05600   0.02806   0.13533   0.00000   0.09910   0.12513   0.17167   0.24822   0.19033   0.24494   0.02794   0.18285   0.11261   0.00000   0.00000   0.10768   0.09610   0.13255   0.05166   0.04800   0.00000   0.00000   0.01501   0.30520   0.23722   3.98666   0.85097   0.39683   0.27809   0.00000   0.00000   0.04900   0.52230  
 14 316.9272   4999.259591  x:  0.06257   0.05060   0.03566   0.13347   0.00000   0.10320   0.12022   0.17925   0.25076   0.18738   0.25111   0.03333   0.17324   0.13539   0.01156   0.00000   0.09488   0.09988   0.14368   0.05942   0.03010   0.00000   0.00000   0.01502   0.32086   0.23513   3.98134   0.85409   0.41014   0.28803   0.00000   0.00000   0.06325   0.47392  
 15 117.9462   4996.053846  x:  0.06321   0.05124   0.03375   0.12422   0.00000   0.10420   0.13326   0.17405   0.25039   0.18037   0.22866   0.02030   0.16597   0.14387   0.01427   0.00000   0.11789   0.11233   0.14962   0.04105   0.03529   0.00000   0.00000   0.01492   0.33838   0.23475   3.97245   0.84881   0.41879   0.30498   0.00000   0.00000   0.06947   0.45890  
 16 57.8311   4990.266188  x:  0.06980   0.05783   0.00000   0.13070   0.00000   0.10585   0.15467   0.15852   0.25729   0.18442   0.19635   0.01917   0.18354   0.13561   0.02393   0.00000   0.11568   0.09812   0.14458   0.04039   0.01936   0.00000   0.00000   0.01469   0.35488   0.24508   3.95279   0.82591   0.43077   0.34498   0.00000   0.00000   0.06931   0.46965  
 17 72.4224   4990.266188  x:  0.06980   0.05783   0.00000   0.13070   0.00000   0.10585   0.15467   0.15852   0.25729   0.18442   0.19635   0.01917   0.18354   0.13561   0.02393   0.00000   0.11568   0.09812   0.14458   0.04039   0.01936   0.00000   0.00000   0.01469   0.35488   0.24508   3.95279   0.82591   0.43077   0.34498   0.00000   0.00000   0.06931   0.46965  
 18 104.0172   4968.600952  x:  0.08666   0.07469   0.00228   0.13891   0.00000   0.08552   0.16079   0.16856   0.27490   0.19784   0.21372   0.01567   0.19581   0.13997   0.02179   0.00000   0.12276   0.10238   0.15091   0.04023   0.02688   0.00000   0.00000   0.00157   0.36824   0.26439   3.95245   0.82732   0.43173   0.34508   0.00000   0.00000   0.06101   0.46594  
 19 524.0725   4921.593086  x:  0.15406   0.14209   0.00909   0.17261   0.00000   0.00000   0.18614   0.20995   0.34817   0.25341   0.28559   0.00149   0.24665   0.15801   0.01270   0.00000   0.15172   0.11981   0.17706   0.03907   0.05496   0.00000   0.00000   0.01820   0.42399   0.34429   3.95104   0.83310   0.43562   0.34557   0.00000   0.00000   0.02842   0.45011  
 20 5321.6932   4906.273683  x:  0.16380   0.15183   0.00000   0.17966   0.00000   0.00000   0.19329   0.22034   0.37088   0.26900   0.30587   0.00193   0.26107   0.16289   0.01001   0.00000   0.15675   0.12302   0.18367   0.03589   0.05008   0.00000   0.00000   0.01960   0.44214   0.36709   3.95071   0.83362   0.43597   0.34612   0.00000   0.00000   0.05593   0.44067  
 21 735.3563   4895.678159  x:  0.14427   0.13230   0.00000   0.18129   0.00000   0.00000   0.20267   0.23115   0.40862   0.29023   0.33315   0.01736   0.28055   0.17132   0.01189   0.00000   0.15455   0.12579   0.19297   0.04332   0.01258   0.00000   0.00000   0.01793   0.47702   0.39934   3.95039   0.83427   0.43641   0.34739   0.00000   0.00000   0.04978   0.43178  
 22 310.2769   4891.510390  x:  0.11895   0.10698   0.00000   0.17830   0.00000   0.00000   0.20694   0.23811   0.43902   0.30581   0.35308   0.01845   0.29336   0.17497   0.00819   0.00000   0.14973   0.12688   0.19884   0.05442   0.01640   0.00000   0.00000   0.01698   0.50620   0.42383   3.95033   0.83412   0.43631   0.34873   0.02051   0.00000   0.04850   0.42418  
 23 485.5634   4884.072976  x:  0.08717   0.07521   0.00000   0.17257   0.00000   0.00000   0.20942   0.24573   0.47489   0.32349   0.37602   0.01311   0.30678   0.17718   0.00000   0.00000   0.14319   0.12773   0.20455   0.06155   0.02780   0.00000   0.00000   0.01585   0.54092   0.45228   3.95041   0.83339   0.43654   0.34962   0.00870   0.00000   0.04676   0.41480  
 24 724.5732   4882.511252  x:  0.08583   0.07386   0.00000   0.16271   0.00000   0.00000   0.19885   0.24679   0.48687   0.32704   0.38182   0.00000   0.30465   0.17281   0.00000   0.00000   0.13846   0.12912   0.20268   0.05246   0.02432   0.00000   0.00000   0.01539   0.55389   0.45999   3.95123   0.83255   0.43542   0.35028   0.01072   0.00000   0.04447   0.41173  
 25 96.9634   4880.525267  x:  0.09096   0.07899   0.00000   0.14034   0.00000   0.00000   0.17090   0.24766   0.51092   0.33200   0.39250   0.01109   0.29771   0.16688   0.00000   0.00000   0.12834   0.13321   0.19780   0.03959   0.03021   0.00000   0.00000   0.01510   0.58036   0.47398   3.95365   0.83012   0.43228   0.35177   0.01150   0.00000   0.04152   0.40423  
 26 138.1634   4879.599380  x:  0.09775   0.08578   0.00000   0.13551   0.00000   0.00000   0.15747   0.24811   0.52550   0.33324   0.39855   0.00937   0.29039   0.16250   0.00000   0.00000   0.13008   0.13332   0.19422   0.05595   0.02983   0.00000   0.00000   0.01494   0.59563   0.48135   3.95627   0.82753   0.42916   0.35274   0.00906   0.00000   0.04231   0.39752  
 27 74.5394   4877.929934  x:  0.10655   0.09458   0.00000   0.16220   0.00000   0.00000   0.16299   0.25159   0.55477   0.33200   0.41072   0.00878   0.27324   0.16305   0.00000   0.00000   0.15388   0.13176   0.19320   0.04718   0.03624   0.00000   0.00000   0.01382   0.62180   0.49375   3.96596   0.81897   0.41788   0.35539   0.00944   0.00000   0.03992   0.38594  
 28 38.2165   4877.124983  x:  0.11657   0.10460   0.00000   0.15513   0.00000   0.00000   0.18227   0.26019   0.56736   0.33718   0.41903   0.00413   0.28910   0.17519   0.00000   0.00000   0.14452   0.12788   0.20134   0.04746   0.03967   0.00000   0.00000   0.01323   0.62272   0.50121   3.97628   0.80971   0.40614   0.35504   0.00858   0.00000   0.04049   0.39466  
 29 25.4708   4876.729485  x:  0.11700   0.10504   0.00000   0.15679   0.00000   0.00000   0.17495   0.26858   0.57114   0.34565   0.42603   0.00238   0.30865   0.17591   0.00000   0.00000   0.15122   0.14241   0.20606   0.04785   0.04004   0.00000   0.00000   0.01274   0.61342   0.50812   3.98658   0.80144   0.39545   0.35295   0.00847   0.00000   0.04163   0.40592  
 30 24.4116   4876.583511  x:  0.11661   0.10464   0.00000   0.16237   0.00000   0.00000   0.16917   0.27382   0.57133   0.35185   0.43211   0.00316   0.31289   0.17144   0.00000   0.00000   0.14855   0.13462   0.20585   0.04741   0.03957   0.00000   0.00000   0.01254   0.60628   0.51514   3.99567   0.79582   0.38738   0.35078   0.00877   0.00000   0.04093   0.40788  
 31 15.3603   4876.265947  x:  0.11402   0.10205   0.00000   0.15493   0.00000   0.00000   0.17308   0.28376   0.56924   0.36519   0.45051   0.00526   0.30297   0.17012   0.00000   0.00000   0.15206   0.13510   0.19877   0.04752   0.03704   0.00000   0.00000   0.01204   0.58860   0.53662   4.03077   0.77657   0.35851   0.34164   0.00956   0.00000   0.03717   0.39521  
 32 15.1582   4875.845639  x:  0.11214   0.10017   0.00000   0.15970   0.00000   0.00000   0.16627   0.28121   0.57135   0.36660   0.46048   0.00430   0.30095   0.18384   0.00000   0.00000   0.14471   0.13880   0.21291   0.04809   0.03295   0.00000   0.00000   0.01142   0.58969   0.55074   4.09181   0.74063   0.30857   0.32024   0.01023   0.00000   0.03155   0.37164  
 33 20.6716   4874.315888  x:  0.10926   0.09729   0.00000   0.15506   0.00000   0.00000   0.17748   0.26458   0.59862   0.36320   0.47356   0.01193   0.32645   0.16523   0.00000   0.00000   0.15349   0.13414   0.22117   0.04834   0.01929   0.00000   0.00000   0.00955   0.63314   0.57516   4.31688   0.59716   0.12127   0.22623   0.01303   0.00000   0.01443   0.32756  
 34 61.9673   4873.628476  x:  0.10792   0.09596   0.00000   0.16296   0.00000   0.00000   0.17954   0.26667   0.61945   0.37158   0.47685   0.01355   0.32422   0.17584   0.00000   0.00000   0.14754   0.13797   0.20369   0.04972   0.01400   0.00000   0.00000   0.00892   0.65368   0.57781   4.41882   0.52306   0.03443   0.17007   0.01379   0.00000   0.00976   0.32737  
 35 92.9971   4872.872166  x:  0.10631   0.09434   0.00000   0.15535   0.00000   0.00000   0.17687   0.27841   0.64390   0.39395   0.47654   0.01506   0.31349   0.18301   0.00000   0.00000   0.16113   0.12799   0.21931   0.04887   0.01191   0.00000   0.00000   0.00866   0.65931   0.56596   4.53492   0.42406  -0.06680   0.07539   0.01454   0.00000   0.00550   0.31926  
 36 51.5705   4872.228868  x:  0.10721   0.09524   0.00000   0.16072   0.00000   0.00000   0.18242   0.27872   0.65565   0.40484   0.47994   0.01613   0.31272   0.17195   0.00000   0.00000   0.15092   0.13750   0.22185   0.04862   0.01256   0.00000   0.00000   0.00871   0.65629   0.56238   4.63059   0.34060  -0.15064  -0.01315   0.01476   0.00000   0.00126   0.29901  
 37 85.2054   4872.029459  x:  0.10749   0.09552   0.00000   0.16231   0.00000   0.00000   0.18407   0.27850   0.65907   0.40790   0.48118   0.01644   0.31244   0.16871   0.00000   0.00000   0.14792   0.14031   0.22263   0.04853   0.01279   0.00000   0.00000   0.00873   0.65541   0.56168   4.66044   0.31474  -0.17674  -0.04085   0.01482   0.00414   0.00000   0.29311  
 38 1103.6538   4871.470064  x:  0.10825   0.09628   0.00000   0.16200   0.00000   0.00000   0.18366   0.25599   0.65367   0.39675   0.49570   0.01537   0.31125   0.17364   0.00000   0.00000   0.15175   0.13837   0.22192   0.04772   0.01557   0.00000   0.00000   0.00912   0.65435   0.58515   4.74917   0.23876  -0.26034  -0.12002   0.01426   0.00434   0.00000   0.29971  
 39 50.5854   4871.376109  x:  0.10803   0.09607   0.00000   0.16087   0.00000   0.00000   0.18130   0.26555   0.64466   0.39229   0.49130   0.01453   0.31687   0.17904   0.00000   0.00000   0.15495   0.13547   0.21580   0.04705   0.01658   0.00000   0.00000   0.00920   0.65881   0.58943   4.75733   0.23143  -0.27422  -0.12691   0.01400   0.00422   0.00000   0.29495  
 40  8.9868   4871.281953  x:  0.10798   0.09601   0.00000   0.16187   0.00000   0.00000   0.18245   0.28174   0.63413   0.38850   0.48758   0.01472   0.31351   0.17549   0.00000   0.00000   0.15231   0.13892   0.21950   0.04757   0.01768   0.00000   0.00000   0.00936   0.66731   0.59428   4.77231   0.21836  -0.29963  -0.13859   0.01320   0.00537   0.00000   0.29712  
 41 13.9822   4871.089526  x:  0.10800   0.09603   0.00000   0.16297   0.00000   0.00000   0.18208   0.28503   0.63449   0.39392   0.50811   0.01365   0.31520   0.17518   0.00000   0.00000   0.15061   0.14056   0.21717   0.04757   0.02074   0.00000   0.00000   0.00966   0.66879   0.56727   4.75089   0.21115  -0.35511  -0.13507   0.01097   0.00824   0.00000   0.29530  
 42  2.9189   4870.671376  x:  0.10933   0.09736   0.00000   0.16616   0.00000   0.00000   0.18434   0.27571   0.66768   0.41272   0.48121   0.01239   0.31480   0.17432   0.00000   0.00000   0.14745   0.14437   0.21558   0.04762   0.02559   0.00000   0.00000   0.01017   0.65037   0.56291   4.66607   0.19089  -0.46390  -0.12632   0.00672   0.01375   0.00000   0.29133  
 43 10.4800   4870.605459  x:  0.10963   0.09766   0.00000   0.16689   0.00000   0.00000   0.18485   0.27361   0.67523   0.41696   0.47512   0.01210   0.31471   0.17412   0.00000   0.00000   0.14674   0.14524   0.21523   0.04763   0.02669   0.00000   0.00000   0.01029   0.64619   0.56193   4.64647   0.18617  -0.48874  -0.12437   0.00576   0.01501   0.00246   0.29042  
 44 798.6824   4869.898378  x:  0.10816   0.09619   0.00000   0.16672   0.00000   0.00000   0.18552   0.28804   0.69129   0.39326   0.49074   0.01235   0.31592   0.17438   0.00000   0.00000   0.14683   0.14631   0.21906   0.04801   0.02675   0.00000   0.00000   0.01015   0.64984   0.57141   4.34600   0.09321  -0.63737  -0.15380   0.00340   0.01795   0.00360   0.28330  
 45 10.0609   4869.787983  x:  0.10883   0.09686   0.00000   0.16760   0.00000   0.00000   0.18687   0.27809   0.67538   0.41511   0.48950   0.01227   0.31624   0.17498   0.00000   0.00000   0.14732   0.14663   0.21984   0.04798   0.02695   0.00000   0.00000   0.01007   0.66304   0.57433   4.29836   0.07713  -0.65812  -0.16045   0.00307   0.01843   0.00373   0.28183  
 46  9.7400   4869.043654  x:  0.10924   0.09727   0.00000   0.16663   0.00000   0.00000   0.18607   0.28318   0.70025   0.41896   0.50018   0.01149   0.33272   0.17807   0.00000   0.00000   0.15211   0.14437   0.21822   0.04518   0.02523   0.00000   0.00000   0.00900   0.68997   0.58853   4.35544   0.07352  -0.51459  -0.20529   0.00748   0.01448   0.00000   0.29425  
 47  0.4023   4868.521037  x:  0.11317   0.10119   0.00000   0.16797   0.00000   0.00000   0.18587   0.28962   0.71396   0.42568   0.50791   0.00807   0.34879   0.17336   0.00000   0.00000   0.15004   0.14924   0.21652   0.04092   0.02957   0.00000   0.00000   0.00926   0.69943   0.57993   4.41574  -0.23446  -0.23068   0.03132   0.00822   0.02541   0.00000   0.30271  
 48  1.9328   4867.525679  x:  0.11698   0.10500   0.00000   0.17015   0.00000   0.00000   0.18637   0.29418   0.74339   0.43859   0.50316   0.00304   0.36403   0.16489   0.00000   0.00000   0.14501   0.15761   0.21547   0.03707   0.03993   0.00000   0.00000   0.01011   0.70176   0.56090   4.40108  -0.60756  -0.23118   0.50202   0.00106   0.04926   0.00000   0.30894  
 49  2.6275   4867.027737  x:  0.11701   0.10502   0.00000   0.16979   0.00000   0.00000   0.18609   0.29554   0.75867   0.44269   0.50511   0.00206   0.36856   0.16504   0.00000   0.00000   0.14530   0.15856   0.21708   0.03733   0.04285   0.00000   0.00000   0.01027   0.70966   0.56482   4.39682  -0.81960  -0.16015   0.76979   0.00000   0.05964   0.00000   0.31777  
 50  1.3015   4867.027737  x:  0.11701   0.10502   0.00000   0.16979   0.00000   0.00000   0.18609   0.29554   0.75867   0.44269   0.50511   0.00206   0.36856   0.16504   0.00000   0.00000   0.14530   0.15856   0.21708   0.03733   0.04285   0.00000   0.00000   0.01027   0.70966   0.56482   4.39682  -0.81960  -0.16015   0.76979   0.00000   0.05964   0.00000   0.31777  
 51 9622.4985   4866.911071  x:  0.11680   0.10481   0.00000   0.16971   0.00000   0.00000   0.18605   0.29548   0.75866   0.44266   0.50513   0.00252   0.36849   0.16528   0.00000   0.00000   0.14539   0.15838   0.21715   0.03760   0.04201   0.00000   0.00000   0.01027   0.70968   0.56496   4.39682  -0.81961  -0.16013   0.76975   0.00021   0.06037   0.00101   0.31815  
 52 141.9633   4865.569833  x:  0.11429   0.10231   0.00000   0.16887   0.00000   0.00000   0.18555   0.29477   0.75849   0.44222   0.50549   0.00788   0.36763   0.16817   0.00000   0.00000   0.14645   0.15630   0.21803   0.04095   0.03193   0.00000   0.00000   0.01025   0.70985   0.56659   4.39681  -0.81968  -0.15992   0.76938   0.00000   0.06872   0.00047   0.32289  
 53 283.6914   4865.020646  x:  0.11133   0.09934   0.00000   0.16815   0.00000   0.00000   0.18539   0.29364   0.75821   0.44149   0.50646   0.00000   0.36522   0.17139   0.00000   0.00000   0.14925   0.15278   0.21941   0.04581   0.03060   0.00000   0.00000   0.01138   0.71054   0.57068   4.39678  -0.81965  -0.15944   0.76958   0.00000   0.07579   0.00056   0.33383  
 54 68.3518   4864.804889  x:  0.11034   0.09835   0.00000   0.16814   0.00000   0.00000   0.18564   0.29292   0.75802   0.44100   0.50736   0.00028   0.36375   0.17440   0.00000   0.00000   0.15112   0.15109   0.22058   0.04608   0.03279   0.00000   0.00000   0.00833   0.71117   0.57400   4.39673  -0.81952  -0.15903   0.77019   0.00000   0.07768   0.00068   0.34169  
 55 77.5047   4864.418620  x:  0.10892   0.09693   0.00000   0.16852   0.00000   0.00000   0.18649   0.29133   0.75757   0.43986   0.50966   0.00360   0.36044   0.18165   0.00000   0.00000   0.15537   0.14770   0.22334   0.04442   0.03841   0.00000   0.00000   0.01091   0.71280   0.58211   4.39660  -0.81916  -0.15797   0.77201   0.00000   0.08042   0.00099   0.35975  
 56 191.1165   4864.279048  x:  0.11102   0.09903   0.00000   0.16980   0.00000   0.00000   0.18772   0.29084   0.75736   0.43934   0.51131   0.00193   0.35889   0.18384   0.00000   0.00000   0.15711   0.14747   0.22415   0.03932   0.03648   0.00000   0.00000   0.01082   0.71409   0.58733   4.39651  -0.81875  -0.15697   0.77399   0.00000   0.08081   0.00082   0.36600  
 57 42.2816   4864.142737  x:  0.11702   0.10503   0.00000   0.17312   0.00000   0.00000   0.19065   0.29047   0.75702   0.43845   0.51504   0.00198   0.35697   0.18569   0.00000   0.00000   0.15862   0.14948   0.22462   0.04280   0.03461   0.00000   0.00000   0.01083   0.71724   0.59833   4.39634  -0.81762  -0.15406   0.77959   0.00000   0.08135   0.00124   0.37070  
 58 26.8231   4864.077346  x:  0.11825   0.10627   0.00000   0.17438   0.00000   0.00000   0.19193   0.29051   0.75692   0.43799   0.51750   0.00203   0.35644   0.18545   0.00000   0.00000   0.15828   0.15109   0.22457   0.04308   0.03641   0.00000   0.00000   0.01089   0.71963   0.60539   4.39623  -0.81672  -0.15162   0.78398   0.00000   0.08460   0.00073   0.37057  
 59 27.5304   4863.957485  x:  0.11716   0.10517   0.00000   0.17576   0.00000   0.00000   0.19367   0.29087   0.75687   0.43710   0.52319   0.00242   0.35602   0.18421   0.00000   0.00000   0.15680   0.15393   0.22455   0.04114   0.03727   0.00000   0.00000   0.01092   0.72551   0.62145   4.39598  -0.81446  -0.14537   0.79509   0.00000   0.09080   0.00145   0.36994  
 60 46.2111   4863.782702  x:  0.11162   0.09963   0.00000   0.17478   0.00000   0.00000   0.19310   0.29304   0.75745   0.43682   0.53205   0.00225   0.35803   0.18118   0.00000   0.00000   0.15474   0.15573   0.22551   0.04236   0.03534   0.00000   0.00000   0.01086   0.73568   0.64505   4.39559  -0.81000  -0.13409   0.81704   0.00000   0.08708   0.00133   0.37055  
 61 36.6725   4863.652847  x:  0.11402   0.10203   0.00000   0.16804   0.00000   0.00000   0.18371   0.29794   0.75919   0.43889   0.53690   0.00238   0.36272   0.18085   0.00000   0.00000   0.15561   0.14871   0.22658   0.04205   0.03567   0.00000   0.00000   0.01087   0.74323   0.65554   4.39575  -0.80486  -0.12002   0.84248   0.00000   0.08985   0.00148   0.37128  
 62 17.8081   4863.128062  x:  0.11248   0.10049   0.00000   0.17229   0.00000   0.00000   0.18077   0.32818   0.77290   0.45384   0.54688   0.00000   0.37878   0.19638   0.00000   0.00000   0.17153   0.15775   0.21994   0.04190   0.03537   0.00000   0.00000   0.01098   0.76659   0.65358   4.39976  -0.77337  -0.03077   0.99890   0.00000   0.10837   0.00248   0.38869  
 63 20.2289   4862.391412  x:  0.11437   0.10238   0.00000   0.17818   0.00000   0.00000   0.19281   0.35192   0.78966   0.46539   0.55490   0.00021   0.38726   0.19114   0.00000   0.00000   0.15339   0.15177   0.22123   0.04197   0.03457   0.00000   0.00000   0.01112   0.78764   0.64357   4.40655  -0.73279   0.08784   1.20056   0.00000   0.13174   0.00363   0.42342  
 64 99.8321   4861.728667  x:  0.11619   0.10420   0.00000   0.16885   0.00000   0.00000   0.18582   0.34250   0.80030   0.45922   0.55464   0.00226   0.37509   0.17344   0.00000   0.00000   0.15743   0.16789   0.23190   0.04201   0.03342   0.00000   0.00000   0.01117   0.79171   0.63494   4.41565  -0.69465   0.20973   1.38894   0.00000   0.15123   0.00450   0.45276  
 65 79.0538   4860.925628  x:  0.11419   0.10220   0.00000   0.17727   0.00000   0.00000   0.17662   0.30646   0.80486   0.43874   0.54686   0.00051   0.35542   0.19131   0.00000   0.00000   0.15570   0.15725   0.22417   0.04154   0.03209   0.00000   0.00000   0.01106   0.77935   0.63399   4.42964  -0.64751   0.37849   1.61757   0.00000   0.16650   0.00511   0.46572  
 66 82.3390   4860.675262  x:  0.11414   0.10215   0.00000   0.16816   0.00000   0.00000   0.18827   0.29869   0.79983   0.43612   0.54022   0.00142   0.35838   0.18929   0.00000   0.00000   0.16373   0.15055   0.21261   0.04123   0.03188   0.00000   0.00000   0.01104   0.76773   0.63868   4.43457  -0.63310   0.44389   1.68118   0.00000   0.17104   0.00515   0.47184  
 67 45.6192   4860.052580  x:  0.11386   0.10187   0.00000   0.17505   0.00000   0.00000   0.17907   0.30212   0.76764   0.44689   0.51630   0.00117   0.37858   0.18453   0.00000   0.00000   0.15831   0.15657   0.20631   0.04143   0.03058   0.00000   0.00000   0.01106   0.72312   0.65779   4.44721  -0.59922   0.64457   1.80714   0.00000   0.18250   0.00484   0.49924  
 68 36.6340   4859.726376  x:  0.11346   0.10147   0.00000   0.17104   0.00000   0.00000   0.18431   0.30812   0.75280   0.45115   0.51547   0.00000   0.37664   0.19022   0.00000   0.00000   0.15825   0.15608   0.22084   0.04147   0.03005   0.00000   0.00000   0.01106   0.71223   0.66062   4.45227  -0.58495   0.74056   1.85391   0.00000   0.18584   0.00457   0.50300  
 69 55.2505   4859.203977  x:  0.11257   0.10058   0.00000   0.17083   0.00000   0.00000   0.18068   0.32036   0.72810   0.45134   0.53511   0.00184   0.35312   0.18586   0.00000   0.00000   0.15924   0.15281   0.20928   0.04172   0.02888   0.00000   0.00000   0.01106   0.71981   0.65169   4.46100  -0.55775   0.94640   1.92807   0.00000   0.19019   0.00370   0.51946  
 70 47.3744   4859.003556  x:  0.11247   0.10048   0.00000   0.17132   0.00000   0.00000   0.18007   0.32158   0.72293   0.44926   0.53986   0.00217   0.35039   0.18475   0.00000   0.00000   0.15965   0.15219   0.20722   0.04179   0.02858   0.00000   0.00000   0.01106   0.72430   0.64864   4.46323  -0.55014   1.00486   1.94782   0.01914   0.19159   0.00345   0.52442  
 71 86.4369   4858.856553  x:  0.11311   0.10112   0.00000   0.17452   0.00000   0.00000   0.18146   0.31193   0.72806   0.43764   0.54076   0.00160   0.36577   0.18409   0.00000   0.00000   0.16080   0.15294   0.21081   0.04187   0.02839   0.00000   0.00000   0.01109   0.74035   0.64312   4.46437  -0.54387   1.07105   1.96357   0.01894   0.19387   0.00317   0.53122  
 72 17.5978   4858.836354  x:  0.11349   0.10150   0.00000   0.17138   0.00000   0.00000   0.18162   0.31108   0.73312   0.43756   0.53753   0.00119   0.36574   0.18656   0.00000   0.00000   0.15805   0.15530   0.20963   0.04199   0.02826   0.00000   0.00000   0.01110   0.74280   0.64364   4.46398  -0.54360   1.08008   1.96476   0.01903   0.19383   0.00311   0.53238  
 73  6.1395   4858.804339  x:  0.11326   0.10127   0.00000   0.17305   0.00000   0.00000   0.18190   0.31109   0.74780   0.44093   0.52853   0.00168   0.36213   0.18526   0.00000   0.00000   0.15965   0.15376   0.21051   0.04204   0.02819   0.00000   0.00000   0.01110   0.74534   0.64651   4.46233  -0.54430   1.09372   1.96564   0.01940   0.19362   0.00301   0.53238  
 74  5.4880   4858.773463  x:  0.11319   0.10120   0.00000   0.17295   0.00000   0.00000   0.18169   0.30542   0.76344   0.44826   0.53779   0.00163   0.36359   0.18517   0.00000   0.00000   0.15945   0.15398   0.21084   0.04216   0.02812   0.00000   0.00000   0.01109   0.73672   0.64639   4.45832  -0.54851   1.10188   1.96648   0.01976   0.19348   0.00296   0.53316  
 75  1.6470   4857.970472  x:  0.10962   0.09764   0.00000   0.16862   0.00000   0.00000   0.18400   0.25750   0.73878   0.46155   0.51271   0.00425   0.35077   0.18053   0.00000   0.00000   0.15202   0.14991   0.22119   0.04547   0.02561   0.00000   0.00000   0.01054   0.72676   0.61476   4.34964  -0.73046   1.15584   2.04093   0.02025   0.18306   0.00244   0.54753  
 76  0.7048   4857.776112  x:  0.10850   0.09653   0.00000   0.16678   0.00000   0.00000   0.18344   0.27441   0.74655   0.42423   0.51138   0.00490   0.34795   0.17892   0.00000   0.00000   0.14991   0.14877   0.22349   0.04626   0.02500   0.00000   0.00000   0.01040   0.70683   0.60975   4.33118  -0.77650   1.16969   2.05910   0.02025   0.18020   0.00228   0.55187  
 77  8.8592   4857.565713  x:  0.10752   0.09556   0.00000   0.16621   0.00000   0.00000   0.18378   0.27527   0.76116   0.43262   0.51563   0.00530   0.35056   0.17851   0.00000   0.00000   0.14860   0.14908   0.22764   0.04717   0.02509   0.00000   0.00000   0.01028   0.71295   0.61017   4.54089  -0.84002   1.19258   2.08565   0.02009   0.17756   0.00221   0.56296  
 78  1.1485   4856.917623  x:  0.10783   0.09591   0.00000   0.16826   0.00000   0.00000   0.18667   0.29913   0.76433   0.44843   0.52112   0.00354   0.36151   0.18395   0.00000   0.00000   0.15142   0.14996   0.23413   0.04872   0.02887   0.00000   0.00000   0.01012   0.73049   0.61614   4.46172  -0.98688   1.41481   2.26765   0.01645   0.18009   0.00268   0.64223  
 79  0.2693   4856.655633  x:  0.10962   0.09771   0.00000   0.17000   0.00000   0.00000   0.18474   0.28473   0.76765   0.43871   0.52177   0.00319   0.35922   0.18520   0.00000   0.00000   0.15609   0.14968   0.22922   0.04651   0.02653   0.00000   0.00000   0.01026   0.72666   0.62752   4.49604  -0.74438   1.46080   2.27098   0.01051   0.18227   0.00315   0.68367  
 80  0.2013   4856.591053  x:  0.10959   0.09769   0.00000   0.17033   0.00000   0.00000   0.18453   0.28548   0.76512   0.44034   0.52778   0.00377   0.35309   0.18404   0.00000   0.00000   0.15542   0.14913   0.22443   0.04549   0.02680   0.00000   0.00000   0.01043   0.73119   0.62634   4.49228  -0.83912   1.47096   2.30605   0.01191   0.18489   0.00297   0.70374  
 81  0.0827   4856.573126  x:  0.10917   0.09728   0.00000   0.16985   0.00000   0.00000   0.18581   0.28563   0.76470   0.44205   0.52424   0.00371   0.35566   0.18503   0.00000   0.00000   0.15466   0.14900   0.22656   0.04575   0.02755   0.00000   0.00000   0.01044   0.72771   0.62536   4.49712  -0.81492   1.48977   2.32351   0.01031   0.18789   0.00307   0.71848  
 82  0.0289   4856.571140  x:  0.10933   0.09744   0.00000   0.16997   0.00000   0.00000   0.18591   0.28578   0.76588   0.44226   0.52442   0.00369   0.35620   0.18529   0.00000   0.00000   0.15509   0.14914   0.22734   0.04598   0.02709   0.00000   0.00000   0.01041   0.72860   0.62573   4.49737  -0.82169   1.48316   2.31931   0.01023   0.18765   0.00307   0.72099  
 83  0.0120   4856.570959  x:  0.10942   0.09753   0.00000   0.17009   0.00000   0.00000   0.18586   0.28573   0.76590   0.44208   0.52482   0.00369   0.35599   0.18526   0.00000   0.00000   0.15528   0.14917   0.22745   0.04601   0.02713   0.00000   0.00000   0.01041   0.72879   0.62616   4.49781  -0.81984   1.48365   2.31808   0.01047   0.18773   0.00304   0.72166  
 84  0.0026   4856.570913  x:  0.10941   0.09752   0.00000   0.17013   0.00000   0.00000   0.18590   0.28578   0.76596   0.44219   0.52489   0.00367   0.35604   0.18528   0.00000   0.00000   0.15522   0.14916   0.22745   0.04601   0.02715   0.00000   0.00000   0.01041   0.72885   0.62633   4.49758  -0.81764   1.47997   2.31460   0.01095   0.18764   0.00303   0.72120  
 85  0.0021   4856.570773  x:  0.10940   0.09750   0.00000   0.17012   0.00000   0.00000   0.18595   0.28614   0.76585   0.44234   0.52492   0.00365   0.35614   0.18533   0.00000   0.00000   0.15525   0.14921   0.22746   0.04602   0.02709   0.00000   0.00000   0.01041   0.72887   0.62629   4.49773  -0.82244   1.47903   2.31401   0.01324   0.18771   0.00295   0.72058  
 86  0.0011   4856.570551  x:  0.10941   0.09751   0.00000   0.17008   0.00000   0.00000   0.18593   0.28601   0.76594   0.44220   0.52481   0.00365   0.35615   0.18535   0.00000   0.00000   0.15530   0.14921   0.22749   0.04601   0.02712   0.00000   0.00000   0.01041   0.72881   0.62617   4.49783  -0.82802   1.47817   2.31528   0.01626   0.18781   0.00286   0.72049  
 87  0.0044   4856.570156  x:  0.10945   0.09755   0.00000   0.17003   0.00000   0.00000   0.18585   0.28540   0.76618   0.44188   0.52455   0.00369   0.35609   0.18529   0.00000   0.00000   0.15531   0.14915   0.22756   0.04598   0.02718   0.00000   0.00000   0.01041   0.72865   0.62603   4.49813  -0.82749   1.48121   2.32417   0.02151   0.18851   0.00279   0.72228  
 88  0.0064   4856.570027  x:  0.10944   0.09753   0.00000   0.17007   0.00000   0.00000   0.18587   0.28551   0.76608   0.44206   0.52470   0.00369   0.35605   0.18528   0.00000   0.00000   0.15527   0.14914   0.22750   0.04598   0.02716   0.00000   0.00000   0.01041   0.72871   0.62615   4.49810  -0.82082   1.48210   2.32563   0.02163   0.18870   0.00281   0.72297  
 89  0.0072   4856.569961  x:  0.10942   0.09752   0.00000   0.17010   0.00000   0.00000   0.18590   0.28571   0.76597   0.44229   0.52487   0.00369   0.35605   0.18529   0.00000   0.00000   0.15523   0.14915   0.22745   0.04599   0.02713   0.00000   0.00000   0.01041   0.72878   0.62629   4.49810  -0.81894   1.48219   2.32702   0.02356   0.18893   0.00278   0.72346  
 90  0.0048   4856.569951  x:  0.10942   0.09752   0.00000   0.17009   0.00000   0.00000   0.18590   0.28572   0.76599   0.44228   0.52487   0.00369   0.35607   0.18529   0.00000   0.00000   0.15525   0.14917   0.22743   0.04599   0.02715   0.00000   0.00000   0.01041   0.72881   0.62624   4.49817  -0.81740   1.48211   2.32810   0.02455   0.18903   0.00277   0.72365  
 91  0.0015   4856.569950  x:  0.10943   0.09752   0.00000   0.17009   0.00000   0.00000   0.18590   0.28570   0.76600   0.44226   0.52485   0.00369   0.35607   0.18529   0.00000   0.00000   0.15525   0.14916   0.22744   0.04599   0.02714   0.00000   0.00000   0.01041   0.72879   0.62625   4.49818  -0.81639   1.48209   2.32810   0.02453   0.18904   0.00277   0.72362  
 92  0.0008   4856.569947  x:  0.10942   0.09752   0.00000   0.17010   0.00000   0.00000   0.18589   0.28567   0.76600   0.44226   0.52484   0.00369   0.35605   0.18529   0.00000   0.00000   0.15523   0.14915   0.22746   0.04599   0.02714   0.00000   0.00000   0.01041   0.72875   0.62627   4.49815  -0.81137   1.48195   2.32826   0.02491   0.18910   0.00276   0.72361  
 93  0.0006   4856.569911  x:  0.10942   0.09751   0.00000   0.17009   0.00000   0.00000   0.18590   0.28566   0.76598   0.44228   0.52486   0.00369   0.35602   0.18529   0.00000   0.00000   0.15524   0.14916   0.22747   0.04599   0.02715   0.00000   0.00000   0.01041   0.72874   0.62624   4.49806  -0.77819   1.48144   2.32685   0.02474   0.18913   0.00275   0.72358  
 94  0.0042   4856.569793  x:  0.10944   0.09748   0.00000   0.17008   0.00000   0.00000   0.18592   0.28565   0.76593   0.44232   0.52490   0.00369   0.35598   0.18530   0.00000   0.00000   0.15525   0.14918   0.22748   0.04598   0.02716   0.00000   0.00000   0.01041   0.72873   0.62618   4.49791  -0.64545   1.48040   2.32163   0.02404   0.18925   0.00269   0.72362  
 95  0.4572   4856.569727  x:  0.10945   0.09746   0.00000   0.17006   0.00000   0.00000   0.18594   0.28565   0.76590   0.44235   0.52493   0.00370   0.35596   0.18531   0.00000   0.00000   0.15527   0.14919   0.22747   0.04598   0.02718   0.00000   0.00000   0.01040   0.72874   0.62613   4.49782  -0.51274   1.47987   2.31557   0.02276   0.18930   0.00263   0.72366  
 96  0.2537   4856.569312  x:  0.10951   0.09744   0.00000   0.17002   0.00000   0.00000   0.18597   0.28581   0.76595   0.44235   0.52498   0.00369   0.35613   0.18534   0.00000   0.00000   0.15536   0.14923   0.22731   0.04600   0.02720   0.00000   0.00000   0.01041   0.72902   0.62607   4.49837  -0.23720   1.48320   2.29725   0.01992   0.18931   0.00243   0.72463  
 97  0.0405   4856.569186  x:  0.10953   0.09744   0.00000   0.17002   0.00000   0.00000   0.18597   0.28582   0.76597   0.44235   0.52498   0.00369   0.35616   0.18534   0.00000   0.00000   0.15537   0.14923   0.22729   0.04600   0.02721   0.00000   0.00000   0.01041   0.72906   0.62607   4.49851  -0.16824   1.48371   2.29394   0.02021   0.18944   0.00237   0.72497  
 98  0.9342   4856.569073  x:  0.10954   0.09743   0.00000   0.17004   0.00000   0.00000   0.18594   0.28577   0.76601   0.44236   0.52495   0.00369   0.35614   0.18532   0.00000   0.00000   0.15532   0.14920   0.22733   0.04600   0.02718   0.00000   0.00000   0.01041   0.72898   0.62616   4.49856  -0.08714   1.48391   2.28900   0.01992   0.18959   0.00231   0.72508  
 99  0.1902   4856.568986  x:  0.10954   0.09742   0.00000   0.17007   0.00000   0.00000   0.18591   0.28571   0.76606   0.44235   0.52490   0.00369   0.35612   0.18529   0.00000   0.00000   0.15526   0.14916   0.22739   0.04599   0.02715   0.00000   0.00000   0.01041   0.72886   0.62628   4.49861  -0.05864   1.48413   2.28662   0.02021   0.18976   0.00228   0.72515  
100  0.2228   4856.568844  x:  0.10955   0.09740   0.00000   0.17014   0.00000   0.00000   0.18585   0.28556   0.76612   0.44233   0.52480   0.00368   0.35604   0.18525   0.00000   0.00000   0.15516   0.14908   0.22751   0.04597   0.02710   0.00000   0.00000   0.01041   0.72862   0.62647   4.49855   0.05533   1.48369   2.27684   0.01906   0.18994   0.00219   0.72494  
101  0.1053   4856.568661  x:  0.10955   0.09739   0.00000   0.17009   0.00000   0.00000   0.18591   0.28563   0.76605   0.44236   0.52490   0.00369   0.35605   0.18530   0.00000   0.00000   0.15524   0.14914   0.22744   0.04598   0.02715   0.00000   0.00000   0.01041   0.72876   0.62628   4.49845   0.09363   1.48273   2.26934   0.01904   0.18994   0.00212   0.72507  
102  0.0143   4856.568466  x:  0.10957   0.09737   0.00000   0.17004   0.00000   0.00000   0.18596   0.28567   0.76602   0.44240   0.52497   0.00369   0.35607   0.18533   0.00000   0.00000   0.15531   0.14918   0.22738   0.04598   0.02719   0.00000   0.00000   0.01041   0.72889   0.62615   4.49847   0.24905   1.48245   2.25431   0.01854   0.19010   0.00195   0.72550  
103  0.3832   4856.568401  x:  0.10958   0.09737   0.00000   0.17005   0.00000   0.00000   0.18594   0.28566   0.76603   0.44240   0.52495   0.00369   0.35607   0.18532   0.00000   0.00000   0.15529   0.14917   0.22740   0.04598   0.02718   0.00000   0.00000   0.01041   0.72885   0.62619   4.49850   0.28584   1.48270   2.25015   0.01813   0.19014   0.00192   0.72555  
104  0.0827   4856.568287  x:  0.10958   0.09737   0.00000   0.17009   0.00000   0.00000   0.18589   0.28563   0.76605   0.44243   0.52490   0.00369   0.35606   0.18528   0.00000   0.00000   0.15522   0.14914   0.22744   0.04597   0.02714   0.00000   0.00000   0.01041   0.72873   0.62636   4.49860   0.29666   1.48369   2.24825   0.01804   0.19029   0.00189   0.72571  
105  0.0138   4856.568118  x:  0.10959   0.09735   0.00000   0.17011   0.00000   0.00000   0.18587   0.28560   0.76608   0.44247   0.52488   0.00369   0.35605   0.18525   0.00000   0.00000   0.15518   0.14911   0.22746   0.04597   0.02713   0.00000   0.00000   0.01041   0.72867   0.62646   4.49874   0.41294   1.48447   2.23528   0.01779   0.19060   0.00174   0.72619  
106  0.1938   4856.568025  x:  0.10961   0.09735   0.00000   0.17010   0.00000   0.00000   0.18588   0.28560   0.76610   0.44247   0.52490   0.00369   0.35607   0.18527   0.00000   0.00000   0.15521   0.14912   0.22744   0.04597   0.02714   0.00000   0.00000   0.01041   0.72872   0.62643   4.49882   0.47511   1.48462   2.22677   0.01769   0.19072   0.00164   0.72649  
107  0.0986   4856.567830  x:  0.10962   0.09735   0.00000   0.17005   0.00000   0.00000   0.18597   0.28563   0.76614   0.44242   0.52499   0.00369   0.35613   0.18535   0.00000   0.00000   0.15533   0.14916   0.22735   0.04598   0.02719   0.00000   0.00000   0.01041   0.72896   0.62617   4.49895   0.55318   1.48423   2.21146   0.01767   0.19077   0.00146   0.72696  
108  0.0617   4856.567720  x:  0.10964   0.09734   0.00000   0.17003   0.00000   0.00000   0.18598   0.28563   0.76615   0.44243   0.52501   0.00369   0.35615   0.18537   0.00000   0.00000   0.15535   0.14917   0.22733   0.04598   0.02720   0.00000   0.00000   0.01041   0.72901   0.62613   4.49901   0.63174   1.48426   2.19891   0.01721   0.19088   0.00134   0.72721  
109  0.1724   4856.567612  x:  0.10963   0.09733   0.00000   0.17006   0.00000   0.00000   0.18594   0.28561   0.76613   0.44247   0.52498   0.00369   0.35611   0.18533   0.00000   0.00000   0.15529   0.14915   0.22738   0.04597   0.02718   0.00000   0.00000   0.01041   0.72888   0.62625   4.49896   0.63900   1.48431   2.19645   0.01701   0.19098   0.00132   0.72715  
110  0.0087   4856.567484  x:  0.10963   0.09732   0.00000   0.17009   0.00000   0.00000   0.18589   0.28557   0.76610   0.44256   0.52494   0.00370   0.35605   0.18527   0.00000   0.00000   0.15521   0.14913   0.22744   0.04596   0.02714   0.00000   0.00000   0.01041   0.72868   0.62644   4.49895   0.70709   1.48455   2.18538   0.01696   0.19135   0.00119   0.72742  
111  0.0964   4856.567352  x:  0.10964   0.09731   0.00000   0.17009   0.00000   0.00000   0.18590   0.28556   0.76611   0.44258   0.52496   0.00370   0.35605   0.18528   0.00000   0.00000   0.15521   0.14911   0.22743   0.04596   0.02715   0.00000   0.00000   0.01040   0.72870   0.62644   4.49902   0.77468   1.48482   2.17155   0.01689   0.19158   0.00104   0.72784  
112  0.0438   4856.567193  x:  0.10965   0.09731   0.00000   0.17007   0.00000   0.00000   0.18593   0.28556   0.76614   0.44257   0.52500   0.00370   0.35609   0.18531   0.00000   0.00000   0.15525   0.14912   0.22739   0.04596   0.02717   0.00000   0.00000   0.01041   0.72880   0.62636   4.49914   0.84254   1.48515   2.15583   0.01662   0.19170   0.00087   0.72826  
113  0.0749   4856.567137  x:  0.10966   0.09731   0.00000   0.17007   0.00000   0.00000   0.18594   0.28556   0.76615   0.44257   0.52501   0.00370   0.35610   0.18532   0.00000   0.00000   0.15527   0.14912   0.22738   0.04596   0.02717   0.00000   0.00000   0.01041   0.72883   0.62633   4.49919   0.85830   1.48530   2.15022   0.01657   0.19175   0.00081   0.72841  
114  0.0599   4856.567010  x:  0.10967   0.09730   0.00000   0.17006   0.00000   0.00000   0.18594   0.28556   0.76617   0.44259   0.52501   0.00370   0.35611   0.18532   0.00000   0.00000   0.15528   0.14913   0.22737   0.04596   0.02718   0.00000   0.00000   0.01041   0.72884   0.62634   4.49929   0.92346   1.48559   2.13481   0.01633   0.19194   0.00065   0.72878  
115  0.2138   4856.566968  x:  0.10967   0.09730   0.00000   0.17006   0.00000   0.00000   0.18594   0.28555   0.76618   0.44260   0.52502   0.00370   0.35611   0.18532   0.00000   0.00000   0.15528   0.14913   0.22737   0.04596   0.02718   0.00000   0.00000   0.01041   0.72884   0.62635   4.49936   0.97386   1.48580   2.12249   0.01616   0.19210   0.00052   0.72906  
116  0.2962   4856.566913  x:  0.10967   0.09729   0.00000   0.17007   0.00000   0.00000   0.18592   0.28554   0.76617   0.44263   0.52500   0.00370   0.35609   0.18530   0.00000   0.00000   0.15525   0.14913   0.22739   0.04595   0.02717   0.00000   0.00000   0.01041   0.72877   0.62641   4.49935   0.98842   1.48576   2.11712   0.01600   0.19217   0.00047   0.72906  
117  0.0077   4856.566793  x:  0.10968   0.09728   0.00000   0.17007   0.00000   0.00000   0.18590   0.28552   0.76617   0.44268   0.52499   0.00370   0.35606   0.18527   0.00000   0.00000   0.15523   0.14913   0.22742   0.04594   0.02716   0.00000   0.00000   0.01041   0.72870   0.62647   4.49940   1.05148   1.48583   2.09879   0.01588   0.19247   0.00029   0.72939  
118  0.0450   4856.566742  x:  0.10968   0.09728   0.00000   0.17007   0.00000   0.00000   0.18592   0.28552   0.76618   0.44269   0.52501   0.00370   0.35607   0.18529   0.00000   0.00000   0.15524   0.14912   0.22741   0.04595   0.02716   0.00000   0.00000   0.01041   0.72873   0.62645   4.49945   1.09876   1.48606   2.08432   0.01569   0.19260   0.00014   0.72968  
119  0.0726   4856.566637  x:  0.10969   0.09728   0.00000   0.17007   0.00000   0.00000   0.18594   0.28551   0.76620   0.44268   0.52505   0.00370   0.35610   0.18532   0.00000   0.00000   0.15526   0.14910   0.22737   0.04595   0.02718   0.00000   0.00000   0.01040   0.72881   0.62638   4.49950   1.13829   1.48635   2.06976   0.01553   0.19267   0.00000   0.72997  
120  0.0862   4856.566634  x:  0.10969   0.09728   0.00000   0.17007   0.00000   0.00000   0.18594   0.28551   0.76620   0.44268   0.52505   0.00370   0.35610   0.18532   0.00000   0.00000   0.15526   0.14910   0.22737   0.04595   0.02718   0.00000   0.00000   0.01040   0.72881   0.62638   4.49950   1.13687   1.48636   2.07015   0.01553   0.19267   0.00000   0.72996  
121  0.0438   4856.566634  x:  0.10969   0.09728   0.00000   0.17007   0.00000   0.00000   0.18594   0.28551   0.76620   0.44268   0.52505   0.00370   0.35610   0.18532   0.00000   0.00000   0.15526   0.14910   0.22737   0.04595   0.02718   0.00000   0.00000   0.01040   0.72881   0.62638   4.49950   1.13687   1.48636   2.07015   0.01553   0.19267   0.00000   0.72996  
122 239208.8225   4856.566633  x:  0.10969   0.09728   0.00000   0.17006   0.00000   0.00000   0.18594   0.28551   0.76620   0.44268   0.52505   0.00370   0.35610   0.18532   0.00000   0.00000   0.15526   0.14910   0.22737   0.04595   0.02718   0.00000   0.00000   0.01040   0.72881   0.62638   4.49950   1.13687   1.48636   2.07015   0.01553   0.19267   0.00000   0.72996  
123  0.3744   4856.566628  x:  0.10969   0.09727   0.00000   0.17006   0.00000   0.00000   0.18594   0.28551   0.76620   0.44268   0.52505   0.00369   0.35610   0.18532   0.00000   0.00000   0.15526   0.14910   0.22737   0.04594   0.02717   0.00000   0.00000   0.01040   0.72881   0.62638   4.49950   1.13687   1.48636   2.07015   0.01551   0.19269   0.00000   0.72996  
124  0.3697   4856.566626  x:  0.10968   0.09727   0.00000   0.17005   0.00000   0.00000   0.18593   0.28551   0.76620   0.44268   0.52505   0.00369   0.35609   0.18531   0.00000   0.00000   0.15526   0.14910   0.22737   0.04594   0.02717   0.00000   0.00000   0.01041   0.72880   0.62638   4.49950   1.13687   1.48637   2.07014   0.01551   0.19271   0.00000   0.72996  
125  0.2242   4856.566625  x:  0.10968   0.09727   0.00000   0.17005   0.00000   0.00000   0.18593   0.28551   0.76620   0.44268   0.52505   0.00369   0.35609   0.18531   0.00000   0.00000   0.15525   0.14910   0.22736   0.04594   0.02717   0.00000   0.00000   0.01040   0.72880   0.62638   4.49950   1.13687   1.48638   2.07013   0.01552   0.19273   0.00000   0.72996  
126  0.3958   4856.566624  x:  0.10968   0.09726   0.00000   0.17005   0.00000   0.00000   0.18592   0.28551   0.76619   0.44268   0.52504   0.00370   0.35609   0.18530   0.00000   0.00000   0.15525   0.14910   0.22736   0.04595   0.02718   0.00000   0.00000   0.01040   0.72880   0.62638   4.49950   1.13687   1.48639   2.07012   0.01552   0.19274   0.00000   0.72997  
127  0.1647   4856.566620  x:  0.10969   0.09728   0.00000   0.17003   0.00000   0.00000   0.18590   0.28549   0.76618   0.44267   0.52501   0.00372   0.35606   0.18528   0.00000   0.00000   0.15524   0.14912   0.22735   0.04595   0.02716   0.00000   0.00000   0.01040   0.72877   0.62637   4.49950   1.13685   1.48648   2.07002   0.01550   0.19272   0.00000   0.73000  
128  0.1008   4856.566616  x:  0.10970   0.09729   0.00000   0.17002   0.00000   0.00000   0.18589   0.28547   0.76617   0.44265   0.52498   0.00370   0.35604   0.18525   0.00000   0.00000   0.15524   0.14912   0.22734   0.04596   0.02717   0.00000   0.00000   0.01040   0.72873   0.62635   4.49951   1.13683   1.48658   2.06992   0.01549   0.19269   0.00000   0.73003  
129  1.2252   4856.566613  x:  0.10969   0.09727   0.00000   0.17003   0.00000   0.00000   0.18590   0.28547   0.76617   0.44265   0.52498   0.00372   0.35604   0.18527   0.00000   0.00000   0.15524   0.14912   0.22735   0.04593   0.02717   0.00000   0.00000   0.01040   0.72872   0.62635   4.49951   1.13682   1.48663   2.06987   0.01549   0.19268   0.00000   0.73004  
130  0.1599   4856.566613  x:  0.10968   0.09726   0.00000   0.17004   0.00000   0.00000   0.18591   0.28546   0.76616   0.44265   0.52497   0.00372   0.35604   0.18528   0.00000   0.00000   0.15524   0.14911   0.22735   0.04593   0.02717   0.00000   0.00000   0.01040   0.72872   0.62635   4.49951   1.13682   1.48665   2.06984   0.01548   0.19268   0.00000   0.73004  
131  0.6350   4856.566611  x:  0.10970   0.09728   0.00000   0.17005   0.00000   0.00000   0.18592   0.28547   0.76616   0.44265   0.52498   0.00372   0.35605   0.18530   0.00000   0.00000   0.15525   0.14911   0.22736   0.04592   0.02717   0.00000   0.00000   0.01040   0.72872   0.62635   4.49951   1.13681   1.48670   2.06979   0.01548   0.19269   0.00000   0.73004  
132  0.0594   4856.566599  x:  0.10969   0.09728   0.00000   0.17003   0.00000   0.00000   0.18592   0.28553   0.76613   0.44267   0.52502   0.00370   0.35616   0.18533   0.00000   0.00000   0.15527   0.14914   0.22737   0.04595   0.02717   0.00000   0.00000   0.01040   0.72873   0.62634   4.49951   1.13675   1.48716   2.06929   0.01544   0.19262   0.00000   0.73003  
133  0.1244   4856.566596  x:  0.10969   0.09728   0.00000   0.17006   0.00000   0.00000   0.18593   0.28554   0.76613   0.44268   0.52504   0.00370   0.35616   0.18530   0.00000   0.00000   0.15524   0.14911   0.22737   0.04596   0.02717   0.00000   0.00000   0.01040   0.72876   0.62636   4.49951   1.13674   1.48727   2.06916   0.01543   0.19260   0.00000   0.73002  
134  0.1201   4856.566594  x:  0.10969   0.09728   0.00000   0.17007   0.00000   0.00000   0.18593   0.28555   0.76615   0.44268   0.52507   0.00370   0.35611   0.18530   0.00000   0.00000   0.15527   0.14912   0.22738   0.04596   0.02717   0.00000   0.00000   0.01040   0.72880   0.62638   4.49951   1.13675   1.48732   2.06908   0.01543   0.19260   0.00000   0.72999  
135  0.0512   4856.566594  x:  0.10969   0.09728   0.00000   0.17005   0.00000   0.00000   0.18593   0.28555   0.76616   0.44269   0.52508   0.00370   0.35610   0.18531   0.00000   0.00000   0.15525   0.14912   0.22738   0.04596   0.02717   0.00000   0.00000   0.01040   0.72883   0.62640   4.49951   1.13677   1.48734   2.06903   0.01542   0.19259   0.00000   0.72996  
136  0.0513   4856.566594  x:  0.10969   0.09728   0.00000   0.17006   0.00000   0.00000   0.18592   0.28554   0.76617   0.44269   0.52508   0.00371   0.35612   0.18530   0.00000   0.00000   0.15526   0.14912   0.22737   0.04595   0.02717   0.00000   0.00000   0.01040   0.72885   0.62641   4.49951   1.13679   1.48733   2.06899   0.01542   0.19258   0.00000   0.72994  
137  0.0256   4856.566593  x:  0.10969   0.09728   0.00000   0.17004   0.00000   0.00000   0.18595   0.28552   0.76622   0.44269   0.52505   0.00371   0.35613   0.18529   0.00000   0.00000   0.15525   0.14912   0.22738   0.04595   0.02717   0.00000   0.00000   0.01040   0.72885   0.62642   4.49951   1.13689   1.48730   2.06883   0.01541   0.19257   0.00000   0.72988  
138  0.0426   4856.566588  x:  0.10969   0.09728   0.00000   0.17007   0.00000   0.00000   0.18593   0.28545   0.76636   0.44270   0.52496   0.00370   0.35609   0.18532   0.00000   0.00000   0.15525   0.14912   0.22740   0.04596   0.02717   0.00000   0.00000   0.01040   0.72881   0.62639   4.49953   1.13723   1.48715   2.06827   0.01539   0.19254   0.00000   0.72973  
139  0.1387   4856.566584  x:  0.10968   0.09727   0.00000   0.17005   0.00000   0.00000   0.18593   0.28546   0.76643   0.44273   0.52497   0.00370   0.35607   0.18532   0.00000   0.00000   0.15528   0.14908   0.22733   0.04595   0.02717   0.00000   0.00000   0.01040   0.72875   0.62634   4.49954   1.13765   1.48694   2.06760   0.01536   0.19250   0.00000   0.72962  
140  0.1510   4856.566577  x:  0.10967   0.09727   0.00000   0.17007   0.00000   0.00000   0.18593   0.28550   0.76646   0.44277   0.52506   0.00371   0.35606   0.18531   0.00000   0.00000   0.15523   0.14914   0.22735   0.04593   0.02718   0.00000   0.00000   0.01040   0.72867   0.62627   4.49957   1.13846   1.48651   2.06637   0.01531   0.19244   0.00000   0.72945  
141  0.3792   4856.566570  x:  0.10967   0.09726   0.00000   0.17005   0.00000   0.00000   0.18591   0.28550   0.76643   0.44275   0.52510   0.00371   0.35607   0.18528   0.00000   0.00000   0.15527   0.14911   0.22743   0.04592   0.02718   0.00000   0.00000   0.01040   0.72863   0.62627   4.49959   1.13921   1.48610   2.06522   0.01527   0.19238   0.00000   0.72935  
142  0.5886   4856.566550  x:  0.10966   0.09726   0.00000   0.17008   0.00000   0.00000   0.18595   0.28544   0.76620   0.44260   0.52504   0.00370   0.35606   0.18532   0.00000   0.00000   0.15527   0.14912   0.22738   0.04590   0.02720   0.00000   0.00000   0.01040   0.72866   0.62642   4.49966   1.14126   1.48499   2.06208   0.01516   0.19227   0.00000   0.72919  
143  0.7024   4856.566548  x:  0.10966   0.09726   0.00000   0.17009   0.00000   0.00000   0.18595   0.28552   0.76618   0.44263   0.52495   0.00371   0.35605   0.18532   0.00000   0.00000   0.15527   0.14912   0.22739   0.04590   0.02720   0.00000   0.00000   0.01041   0.72872   0.62641   4.49966   1.14160   1.48482   2.06160   0.01514   0.19225   0.00000   0.72919  
144  0.1670   4856.566545  x:  0.10966   0.09726   0.00000   0.17009   0.00000   0.00000   0.18596   0.28549   0.76622   0.44261   0.52497   0.00371   0.35606   0.18533   0.00000   0.00000   0.15527   0.14912   0.22739   0.04590   0.02720   0.00000   0.00000   0.01041   0.72882   0.62632   4.49962   1.14201   1.48468   2.06121   0.01513   0.19225   0.00000   0.72922  
145  0.0328   4856.566523  x:  0.10967   0.09728   0.00000   0.17011   0.00000   0.00000   0.18598   0.28549   0.76661   0.44277   0.52508   0.00371   0.35613   0.18536   0.00000   0.00000   0.15529   0.14913   0.22743   0.04591   0.02719   0.00000   0.00000   0.01041   0.72886   0.62653   4.49914   1.14635   1.48352   2.05752   0.01501   0.19221   0.00000   0.72929  
146  0.0872   4856.566472  x:  0.10965   0.09728   0.00000   0.17012   0.00000   0.00000   0.18598   0.28561   0.76629   0.44260   0.52507   0.00373   0.35615   0.18539   0.00000   0.00000   0.15529   0.14911   0.22743   0.04594   0.02715   0.00000   0.00000   0.01041   0.72889   0.62646   4.49830   1.15648   1.48114   2.04944   0.01471   0.19199   0.00000   0.72798  
147  0.3024   4856.566464  x:  0.10965   0.09728   0.00000   0.17012   0.00000   0.00000   0.18598   0.28547   0.76620   0.44286   0.52508   0.00373   0.35616   0.18540   0.00000   0.00000   0.15529   0.14912   0.22743   0.04594   0.02715   0.00000   0.00000   0.01041   0.72893   0.62646   4.49868   1.15858   1.48113   2.04840   0.01466   0.19198   0.00000   0.72795  
148  0.0404   4856.566412  x:  0.10963   0.09729   0.00000   0.17012   0.00000   0.00000   0.18598   0.28564   0.76646   0.44273   0.52517   0.00373   0.35621   0.18541   0.00000   0.00000   0.15530   0.14912   0.22745   0.04595   0.02715   0.00000   0.00000   0.01041   0.72901   0.62654   4.50128   1.17221   1.48138   2.04213   0.01436   0.19189   0.00000   0.72795  
149  0.3051   4856.566314  x:  0.10959   0.09730   0.00000   0.17011   0.00000   0.00000   0.18597   0.28558   0.76625   0.44265   0.52506   0.00374   0.35614   0.18537   0.00000   0.00000   0.15528   0.14911   0.22743   0.04592   0.02716   0.00000   0.00000   0.01041   0.72887   0.62643   4.49968   1.19601   1.48376   2.03351   0.01389   0.19181   0.00000   0.72819  
150  0.0818   4856.566207  x:  0.10957   0.09734   0.00000   0.17006   0.00000   0.00000   0.18593   0.28555   0.76600   0.44254   0.52495   0.00372   0.35606   0.18530   0.00000   0.00000   0.15525   0.14911   0.22738   0.04592   0.02717   0.00000   0.00000   0.01040   0.72872   0.62631   4.49906   1.21594   1.48822   2.03034   0.01371   0.19200   0.00000   0.72913  
151  0.0207   4856.566161  x:  0.10956   0.09738   0.00000   0.17006   0.00000   0.00000   0.18592   0.28555   0.76607   0.44255   0.52496   0.00371   0.35607   0.18529   0.00000   0.00000   0.15525   0.14912   0.22738   0.04594   0.02717   0.00000   0.00000   0.01040   0.72875   0.62633   4.49912   1.23333   1.48739   2.01915   0.01328   0.19176   0.00000   0.72863  
152  0.0226   4856.566129  x:  0.10953   0.09743   0.00000   0.17008   0.00000   0.00000   0.18593   0.28556   0.76621   0.44259   0.52500   0.00370   0.35610   0.18532   0.00000   0.00000   0.15526   0.14913   0.22741   0.04596   0.02717   0.00000   0.00000   0.01041   0.72881   0.62637   4.49917   1.24886   1.48505   2.00569   0.01287   0.19143   0.00000   0.72780  
153  0.0149   4856.566117  x:  0.10948   0.09745   0.00000   0.17009   0.00000   0.00000   0.18594   0.28557   0.76619   0.44258   0.52499   0.00371   0.35610   0.18533   0.00000   0.00000   0.15526   0.14913   0.22741   0.04594   0.02716   0.00000   0.00000   0.01041   0.72881   0.62637   4.49916   1.26209   1.48502   1.99867   0.01267   0.19138   0.00000   0.72770  
154  0.0094   4856.566117  x:  0.10947   0.09746   0.00000   0.17009   0.00000   0.00000   0.18594   0.28557   0.76618   0.44257   0.52499   0.00371   0.35610   0.18533   0.00000   0.00000   0.15526   0.14913   0.22741   0.04594   0.02716   0.00000   0.00000   0.01041   0.72881   0.62637   4.49914   1.26543   1.48511   1.99698   0.01261   0.19136   0.00000   0.72769  
155  0.0310   4856.566117  x:  0.10946   0.09747   0.00000   0.17009   0.00000   0.00000   0.18594   0.28557   0.76617   0.44256   0.52499   0.00371   0.35610   0.18533   0.00000   0.00000   0.15526   0.14913   0.22741   0.04594   0.02716   0.00000   0.00000   0.01041   0.72880   0.62636   4.49912   1.26834   1.48520   1.99545   0.01256   0.19134   0.00000   0.72767  
156  0.0297   4856.566117  x:  0.10946   0.09747   0.00000   0.17009   0.00000   0.00000   0.18594   0.28557   0.76617   0.44256   0.52499   0.00371   0.35610   0.18533   0.00000   0.00000   0.15526   0.14913   0.22741   0.04594   0.02716   0.00000   0.00000   0.01041   0.72880   0.62636   4.49912   1.26838   1.48521   1.99542   0.01256   0.19134   0.00000   0.72767  
157  0.0295   4856.566117  x:  0.10946   0.09747   0.00000   0.17009   0.00000   0.00000   0.18594   0.28557   0.76617   0.44256   0.52499   0.00371   0.35610   0.18533   0.00000   0.00000   0.15526   0.14913   0.22741   0.04594   0.02716   0.00000   0.00000   0.01041   0.72880   0.62636   4.49912   1.26838   1.48521   1.99542   0.01256   0.19134   0.00000   0.72767  
158  0.0327   4856.566117  x:  0.10932   0.09761   0.00000   0.17008   0.00000   0.00000   0.18594   0.28557   0.76616   0.44256   0.52498   0.00371   0.35609   0.18532   0.00000   0.00000   0.15526   0.14913   0.22741   0.04594   0.02716   0.00000   0.00000   0.01041   0.72880   0.62636   4.49910   1.27023   1.48532   1.99454   0.01253   0.19133   0.00000   0.72768  
159  0.0810   4856.566117  x:  0.10932   0.09761   0.00000   0.17008   0.00000   0.00000   0.18594   0.28557   0.76616   0.44256   0.52498   0.00371   0.35609   0.18532   0.00000   0.00000   0.15526   0.14913   0.22741   0.04594   0.02716   0.00000   0.00000   0.01041   0.72880   0.62636   4.49910   1.27023   1.48532   1.99454   0.01253   0.19133   0.00000   0.72768  
160  0.0306   4856.566117  x:  0.10932   0.09761   0.00000   0.17008   0.00000   0.00000   0.18594   0.28557   0.76616   0.44256   0.52498   0.00371   0.35609   0.18532   0.00000   0.00000   0.15526   0.14913   0.22741   0.04594   0.02716   0.00000   0.00000   0.01041   0.72880   0.62636   4.49910   1.27023   1.48532   1.99454   0.01253   0.19133   0.00000   0.72768  
161  0.6609   4856.566116  x:  0.10923   0.09770   0.00000   0.17008   0.00000   0.00000   0.18594   0.28558   0.76615   0.44255   0.52498   0.00371   0.35609   0.18532   0.00000   0.00000   0.15526   0.14913   0.22741   0.04594   0.02716   0.00000   0.00000   0.01041   0.72880   0.62635   4.49916   1.27048   1.48537   1.99433   0.01252   0.19132   0.00000   0.72768  
162  0.0013   4856.566116  x:  0.10921   0.09772   0.00000   0.17008   0.00000   0.00000   0.18594   0.28558   0.76615   0.44255   0.52498   0.00371   0.35609   0.18532   0.00000   0.00000   0.15526   0.14913   0.22741   0.04594   0.02716   0.00000   0.00000   0.01041   0.72880   0.62635   4.49916   1.27053   1.48537   1.99429   0.01252   0.19132   0.00000   0.72768  
163  0.0028   4856.566116  x:  0.10921   0.09772   0.00000   0.17008   0.00000   0.00000   0.18594   0.28558   0.76615   0.44255   0.52498   0.00371   0.35609   0.18532   0.00000   0.00000   0.15526   0.14913   0.22741   0.04594   0.02716   0.00000   0.00000   0.01041   0.72880   0.62635   4.49916   1.27053   1.48537   1.99429   0.01252   0.19132   0.00000   0.72768  
164  0.0056   4856.566116  x:  0.10925   0.09768   0.00000   0.17008   0.00000   0.00000   0.18593   0.28558   0.76614   0.44254   0.52498   0.00371   0.35609   0.18532   0.00000   0.00000   0.15526   0.14913   0.22740   0.04594   0.02716   0.00000   0.00000   0.01041   0.72879   0.62635   4.49915   1.27056   1.48544   1.99430   0.01252   0.19132   0.00000   0.72769  
165  0.0018   4856.566116  x:  0.10926   0.09767   0.00000   0.17008   0.00000   0.00000   0.18593   0.28558   0.76613   0.44254   0.52498   0.00371   0.35609   0.18532   0.00000   0.00000   0.15526   0.14913   0.22740   0.04594   0.02716   0.00000   0.00000   0.01041   0.72879   0.62635   4.49915   1.27057   1.48546   1.99430   0.01252   0.19132   0.00000   0.72769  
166  0.0020   4856.566116  x:  0.10926   0.09767   0.00000   0.17008   0.00000   0.00000   0.18593   0.28558   0.76613   0.44254   0.52498   0.00371   0.35609   0.18532   0.00000   0.00000   0.15526   0.14913   0.22740   0.04594   0.02716   0.00000   0.00000   0.01041   0.72879   0.62635   4.49915   1.27057   1.48546   1.99430   0.01252   0.19132   0.00000   0.72769  
167  0.0032   4856.566116  x:  0.10926   0.09767   0.00000   0.17008   0.00000   0.00000   0.18593   0.28558   0.76613   0.44254   0.52498   0.00371   0.35609   0.18532   0.00000   0.00000   0.15526   0.14913   0.22740   0.04594   0.02716   0.00000   0.00000   0.01041   0.72879   0.62635   4.49915   1.27057   1.48546   1.99430   0.01252   0.19132   0.00000   0.72769  
168  0.0045   4856.566116  x:  0.10926   0.09767   0.00000   0.17008   0.00000   0.00000   0.18593   0.28558   0.76613   0.44254   0.52498   0.00371   0.35609   0.18532   0.00000   0.00000   0.15526   0.14913   0.22740   0.04594   0.02716   0.00000   0.00000   0.01041   0.72879   0.62635   4.49915   1.27057   1.48546   1.99430   0.01252   0.19132   0.00000   0.72769  
169  0.0061   4856.566116  x:  0.10926   0.09767   0.00000   0.17008   0.00000   0.00000   0.18593   0.28558   0.76613   0.44254   0.52498   0.00371   0.35609   0.18532   0.00000   0.00000   0.15526   0.14913   0.22740   0.04594   0.02716   0.00000   0.00000   0.01041   0.72879   0.62635   4.49915   1.27057   1.48546   1.99430   0.01252   0.19132   0.00000   0.72769  
170  0.0300   4856.566116  x:  0.10926   0.09767   0.00000   0.17008   0.00000   0.00000   0.18593   0.28558   0.76613   0.44254   0.52498   0.00371   0.35609   0.18532   0.00000   0.00000   0.15526   0.14913   0.22740   0.04594   0.02716   0.00000   0.00000   0.01041   0.72879   0.62635   4.49915   1.27057   1.48546   1.99430   0.01252   0.19132   0.00000   0.72769  
171  0.0156   4856.566114  x:  0.10926   0.09767   0.00000   0.17008   0.00000   0.00000   0.18593   0.28558   0.76613   0.44254   0.52498   0.00371   0.35609   0.18532   0.00000   0.00000   0.15526   0.14913   0.22740   0.04594   0.02716   0.00000   0.00000   0.01041   0.72879   0.62635   4.49915   1.27057   1.48546   1.99430   0.01252   0.19132   0.00000   0.72769  
172 947.4954   4856.566112  x:  0.10926   0.09768   0.00000   0.17008   0.00000   0.00000   0.18593   0.28558   0.76613   0.44254   0.52498   0.00369   0.35609   0.18531   0.00000   0.00000   0.15526   0.14913   0.22740   0.04596   0.02717   0.00000   0.00000   0.01041   0.72879   0.62635   4.49915   1.27057   1.48546   1.99430   0.01252   0.19132   0.00000   0.72769  
173  0.6275   4856.566111  x:  0.10927   0.09768   0.00000   0.17008   0.00000   0.00000   0.18593   0.28558   0.76613   0.44254   0.52498   0.00369   0.35609   0.18531   0.00000   0.00000   0.15526   0.14913   0.22740   0.04596   0.02716   0.00000   0.00000   0.01040   0.72879   0.62635   4.49915   1.27058   1.48546   1.99430   0.01252   0.19132   0.00000   0.72769  
174  0.0537   4856.566111  x:  0.10927   0.09769   0.00000   0.17008   0.00000   0.00000   0.18593   0.28558   0.76613   0.44254   0.52498   0.00369   0.35609   0.18531   0.00000   0.00000   0.15526   0.14913   0.22740   0.04597   0.02716   0.00000   0.00000   0.01041   0.72879   0.62635   4.49915   1.27058   1.48546   1.99430   0.01252   0.19132   0.00000   0.72769  
175  0.0842   4856.566111  x:  0.10927   0.09769   0.00000   0.17007   0.00000   0.00000   0.18593   0.28558   0.76613   0.44254   0.52498   0.00370   0.35609   0.18531   0.00000   0.00000   0.15526   0.14913   0.22740   0.04596   0.02717   0.00000   0.00000   0.01041   0.72879   0.62635   4.49915   1.27058   1.48546   1.99430   0.01252   0.19132   0.00000   0.72769  
176  0.0277   4856.566111  x:  0.10927   0.09769   0.00000   0.17007   0.00000   0.00000   0.18593   0.28558   0.76613   0.44254   0.52498   0.00369   0.35609   0.18531   0.00000   0.00000   0.15526   0.14913   0.22740   0.04596   0.02717   0.00000   0.00000   0.01041   0.72879   0.62635   4.49915   1.27058   1.48546   1.99430   0.01252   0.19133   0.00000   0.72769  
177  0.0160   4856.566111  x:  0.10927   0.09769   0.00000   0.17007   0.00000   0.00000   0.18592   0.28558   0.76614   0.44255   0.52498   0.00370   0.35609   0.18530   0.00000   0.00000   0.15526   0.14914   0.22740   0.04596   0.02717   0.00000   0.00000   0.01041   0.72880   0.62635   4.49915   1.27058   1.48545   1.99431   0.01252   0.19133   0.00000   0.72769  
178  0.0123   4856.566111  x:  0.10927   0.09769   0.00000   0.17007   0.00000   0.00000   0.18592   0.28559   0.76615   0.44256   0.52499   0.00370   0.35609   0.18530   0.00000   0.00000   0.15526   0.14914   0.22740   0.04596   0.02717   0.00000   0.00000   0.01041   0.72881   0.62636   4.49914   1.27059   1.48544   1.99433   0.01252   0.19132   0.00000   0.72768  
179  0.0146   4856.566111  x:  0.10927   0.09769   0.00000   0.17007   0.00000   0.00000   0.18592   0.28559   0.76615   0.44256   0.52499   0.00370   0.35609   0.18530   0.00000   0.00000   0.15526   0.14913   0.22740   0.04596   0.02717   0.00000   0.00000   0.01041   0.72881   0.62637   4.49914   1.27059   1.48543   1.99434   0.01252   0.19133   0.00000   0.72767  
180  0.0202   4856.566111  x:  0.10927   0.09769   0.00000   0.17007   0.00000   0.00000   0.18592   0.28558   0.76615   0.44256   0.52499   0.00369   0.35609   0.18531   0.00000   0.00000   0.15526   0.14914   0.22740   0.04596   0.02717   0.00000   0.00000   0.01041   0.72881   0.62637   4.49914   1.27060   1.48542   1.99435   0.01252   0.19133   0.00000   0.72767  
181  0.0085   4856.566111  x:  0.10927   0.09769   0.00000   0.17007   0.00000   0.00000   0.18592   0.28557   0.76616   0.44256   0.52499   0.00369   0.35609   0.18531   0.00000   0.00000   0.15526   0.14913   0.22740   0.04596   0.02717   0.00000   0.00000   0.01041   0.72881   0.62636   4.49913   1.27061   1.48540   1.99438   0.01253   0.19133   0.00000   0.72768  
182  0.0103   4856.566111  x:  0.10927   0.09769   0.00000   0.17007   0.00000   0.00000   0.18592   0.28557   0.76616   0.44255   0.52499   0.00370   0.35609   0.18530   0.00000   0.00000   0.15526   0.14913   0.22740   0.04596   0.02717   0.00000   0.00000   0.01041   0.72881   0.62636   4.49912   1.27062   1.48539   1.99439   0.01253   0.19134   0.00000   0.72768  
183  0.0115   4856.566111  x:  0.10927   0.09769   0.00000   0.17007   0.00000   0.00000   0.18592   0.28557   0.76616   0.44256   0.52498   0.00369   0.35609   0.18530   0.00000   0.00000   0.15526   0.14913   0.22740   0.04596   0.02717   0.00000   0.00000   0.01041   0.72880   0.62636   4.49912   1.27062   1.48538   1.99440   0.01253   0.19134   0.00000   0.72768  
184  0.0053   4856.566111  x:  0.10927   0.09769   0.00000   0.17007   0.00000   0.00000   0.18592   0.28558   0.76616   0.44256   0.52498   0.00369   0.35609   0.18530   0.00000   0.00000   0.15526   0.14913   0.22740   0.04596   0.02717   0.00000   0.00000   0.01041   0.72880   0.62635   4.49912   1.27062   1.48538   1.99441   0.01253   0.19134   0.00000   0.72768  
185  0.0043   4856.566111  x:  0.10927   0.09769   0.00000   0.17007   0.00000   0.00000   0.18593   0.28558   0.76615   0.44255   0.52498   0.00370   0.35609   0.18530   0.00000   0.00000   0.15526   0.14913   0.22740   0.04596   0.02717   0.00000   0.00000   0.01041   0.72880   0.62636   4.49911   1.27062   1.48538   1.99442   0.01253   0.19134   0.00000   0.72769  
186  0.0032   4856.566111  x:  0.10927   0.09769   0.00000   0.17007   0.00000   0.00000   0.18592   0.28558   0.76614   0.44255   0.52499   0.00370   0.35609   0.18530   0.00000   0.00000   0.15526   0.14913   0.22740   0.04596   0.02717   0.00000   0.00000   0.01041   0.72880   0.62636   4.49910   1.27063   1.48538   1.99443   0.01253   0.19134   0.00000   0.72769  
187  0.0077   4856.566111  x:  0.10927   0.09769   0.00000   0.17007   0.00000   0.00000   0.18592   0.28558   0.76613   0.44255   0.52498   0.00369   0.35609   0.18530   0.00000   0.00000   0.15526   0.14913   0.22740   0.04596   0.02717   0.00000   0.00000   0.01041   0.72880   0.62636   4.49908   1.27063   1.48541   1.99446   0.01253   0.19134   0.00000   0.72769  
188  0.0028   4856.566111  x:  0.10927   0.09769   0.00000   0.17007   0.00000   0.00000   0.18592   0.28558   0.76613   0.44255   0.52498   0.00369   0.35609   0.18530   0.00000   0.00000   0.15526   0.14914   0.22740   0.04596   0.02717   0.00000   0.00000   0.01041   0.72881   0.62635   4.49906   1.27064   1.48543   1.99450   0.01253   0.19134   0.00000   0.72770  
189  0.0158   4856.566111  x:  0.10927   0.09769   0.00000   0.17007   0.00000   0.00000   0.18592   0.28558   0.76613   0.44255   0.52497   0.00370   0.35608   0.18530   0.00000   0.00000   0.15526   0.14913   0.22740   0.04596   0.02717   0.00000   0.00000   0.01041   0.72881   0.62635   4.49902   1.27065   1.48549   1.99457   0.01253   0.19134   0.00000   0.72770  
190  0.0235   4856.566111  x:  0.10927   0.09769   0.00000   0.17007   0.00000   0.00000   0.18592   0.28557   0.76614   0.44255   0.52498   0.00370   0.35609   0.18530   0.00000   0.00000   0.15526   0.14913   0.22740   0.04596   0.02717   0.00000   0.00000   0.01041   0.72879   0.62635   4.49897   1.27066   1.48556   1.99466   0.01253   0.19135   0.00000   0.72772  
191  0.0151   4856.566111  x:  0.10927   0.09769   0.00000   0.17007   0.00000   0.00000   0.18592   0.28557   0.76614   0.44255   0.52497   0.00370   0.35609   0.18530   0.00000   0.00000   0.15526   0.14913   0.22740   0.04596   0.02717   0.00000   0.00000   0.01041   0.72879   0.62636   4.49898   1.27066   1.48558   1.99470   0.01253   0.19135   0.00000   0.72774  
192  0.0018   4856.566110  x:  0.10927   0.09769   0.00000   0.17007   0.00000   0.00000   0.18592   0.28557   0.76614   0.44255   0.52498   0.00370   0.35609   0.18530   0.00000   0.00000   0.15526   0.14913   0.22740   0.04596   0.02717   0.00000   0.00000   0.01041   0.72880   0.62635   4.49900   1.27067   1.48563   1.99477   0.01253   0.19135   0.00000   0.72776  
193  0.0065   4856.566110  x:  0.10927   0.09769   0.00000   0.17007   0.00000   0.00000   0.18592   0.28557   0.76614   0.44256   0.52498   0.00370   0.35609   0.18530   0.00000   0.00000   0.15526   0.14913   0.22740   0.04596   0.02717   0.00000   0.00000   0.01041   0.72879   0.62635   4.49907   1.27067   1.48573   1.99494   0.01254   0.19136   0.00000   0.72777  
194  0.0062   4856.566110  x:  0.10927   0.09769   0.00000   0.17007   0.00000   0.00000   0.18592   0.28557   0.76614   0.44255   0.52498   0.00370   0.35609   0.18530   0.00000   0.00000   0.15526   0.14913   0.22740   0.04596   0.02717   0.00000   0.00000   0.01041   0.72879   0.62635   4.49907   1.27067   1.48573   1.99494   0.01254   0.19136   0.00000   0.72777  
195  0.0013   4856.566110  x:  0.10929   0.09767   0.00000   0.17007   0.00000   0.00000   0.18592   0.28557   0.76614   0.44255   0.52498   0.00370   0.35609   0.18530   0.00000   0.00000   0.15526   0.14913   0.22740   0.04596   0.02717   0.00000   0.00000   0.01041   0.72879   0.62635   4.49909   1.26871   1.48579   1.99619   0.01258   0.19138   0.00000   0.72782  
196  0.0003   4856.566110  x:  0.10931   0.09765   0.00000   0.17007   0.00000   0.00000   0.18592   0.28557   0.76614   0.44255   0.52498   0.00370   0.35609   0.18530   0.00000   0.00000   0.15526   0.14913   0.22740   0.04596   0.02717   0.00000   0.00000   0.01041   0.72879   0.62635   4.49908   1.26677   1.48571   1.99718   0.01261   0.19139   0.00000   0.72782  
197  0.0017   4856.566110  x:  0.10931   0.09765   0.00000   0.17007   0.00000   0.00000   0.18592   0.28557   0.76614   0.44256   0.52498   0.00370   0.35609   0.18530   0.00000   0.00000   0.15526   0.14913   0.22740   0.04596   0.02717   0.00000   0.00000   0.01041   0.72879   0.62635   4.49908   1.26662   1.48570   1.99724   0.01261   0.19139   0.00000   0.72781  
198  0.0003   4856.566110  x:  0.10931   0.09765   0.00000   0.17007   0.00000   0.00000   0.18592   0.28557   0.76614   0.44256   0.52498   0.00370   0.35609   0.18530   0.00000   0.00000   0.15526   0.14913   0.22740   0.04596   0.02717   0.00000   0.00000   0.01041   0.72879   0.62635   4.49908   1.26662   1.48570   1.99724   0.01261   0.19139   0.00000   0.72781  
199  0.0001   4856.566110  x:  0.10931   0.09765   0.00000   0.17007   0.00000   0.00000   0.18592   0.28557   0.76614   0.44256   0.52498   0.00370   0.35609   0.18530   0.00000   0.00000   0.15526   0.14913   0.22740   0.04596   0.02717   0.00000   0.00000   0.01041   0.72879   0.62635   4.49908   1.26662   1.48570   1.99724   0.01261   0.19139   0.00000   0.72781  
200  0.0002   4856.566110  x:  0.10931   0.09765   0.00000   0.17007   0.00000   0.00000   0.18592   0.28557   0.76614   0.44256   0.52498   0.00370   0.35609   0.18530   0.00000   0.00000   0.15526   0.14913   0.22740   0.04596   0.02717   0.00000   0.00000   0.01041   0.72879   0.62635   4.49908   1.26662   1.48570   1.99724   0.01261   0.19139   0.00000   0.72781  
201  0.0124   4856.566110  x:  0.10931   0.09765   0.00000   0.17007   0.00000   0.00000   0.18592   0.28557   0.76614   0.44256   0.52498   0.00370   0.35609   0.18530   0.00000   0.00000   0.15526   0.14913   0.22740   0.04596   0.02717   0.00000   0.00000   0.01041   0.72879   0.62635   4.49908   1.26662   1.48570   1.99724   0.01261   0.19139   0.00000   0.72781  
202  0.0025   4856.566110  x:  0.10931   0.09765   0.00000   0.17007   0.00000   0.00000   0.18592   0.28557   0.76614   0.44256   0.52498   0.00370   0.35609   0.18530   0.00000   0.00000   0.15526   0.14913   0.22740   0.04596   0.02717   0.00000   0.00000   0.01041   0.72879   0.62635   4.49908   1.26662   1.48570   1.99724   0.01261   0.19139   0.00000   0.72781  