Supplemental results for CODEML (seqf: 1pek.txt  treef: 1pekTree.trees)


MLEs of dN/dS (w) for site classes (K=2)

p:   0.64443  0.35557
w:   0.02087  0.23534

Naive Empirical Bayes (NEB) probabilities for 2 classes & postmean_w
(amino acids refer to 1st sequence: Magnaporthe)

   1 A   0.08541 0.91459 ( 2)  0.217
   2 T   0.00002 0.99998 ( 2)  0.235
   3 Q   0.99013 0.00987 ( 1)  0.023
   4 T   0.00000 1.00000 ( 2)  0.235
   5 G   0.76811 0.23189 ( 1)  0.071
   6 A   0.99959 0.00041 ( 1)  0.021
   7 P   0.99961 0.00039 ( 1)  0.021
   8 W   0.99322 0.00678 ( 1)  0.022
   9 G   0.99960 0.00040 ( 1)  0.021
  10 L   0.99029 0.00971 ( 1)  0.023
  11 A   0.14445 0.85555 ( 2)  0.204
  12 R   0.99993 0.00007 ( 1)  0.021
  13 I   0.99998 0.00002 ( 1)  0.021
  14 S   0.99899 0.00101 ( 1)  0.021
  15 S   0.00473 0.99527 ( 2)  0.234
  16 T   0.10278 0.89722 ( 2)  0.213
  17 A   0.00000 1.00000 ( 2)  0.235
  18 R   0.00083 0.99917 ( 2)  0.235
  19 G   0.99711 0.00289 ( 1)  0.021
  20 G   0.00007 0.99993 ( 2)  0.235
  21 T   0.98551 0.01449 ( 1)  0.024
  22 T   0.99829 0.00171 ( 1)  0.021
  23 Y   0.99955 0.00045 ( 1)  0.021
  24 R   0.00000 1.00000 ( 2)  0.235
  25 Y   0.99868 0.00132 ( 1)  0.021
  26 D   0.99997 0.00003 ( 1)  0.021
  27 D   0.07165 0.92835 ( 2)  0.220
  28 S   0.98749 0.01251 ( 1)  0.024
  29 A   0.99986 0.00014 ( 1)  0.021
  30 G   0.99968 0.00032 ( 1)  0.021
  31 V   0.00000 1.00000 ( 2)  0.235
  32 G   0.99978 0.00022 ( 1)  0.021
  33 T   0.93430 0.06570 ( 1)  0.035
  34 C   0.99985 0.00015 ( 1)  0.021
  35 S   0.00408 0.99592 ( 2)  0.234
  36 Y   0.99344 0.00656 ( 1)  0.022
  37 I   0.80637 0.19363 ( 1)  0.062
  38 I   0.99043 0.00957 ( 1)  0.023
  39 D   0.99999 0.00001 ( 1)  0.021
  40 T   0.99940 0.00060 ( 1)  0.021
  41 G   0.99983 0.00017 ( 1)  0.021
  42 L   0.06549 0.93451 ( 2)  0.221
  43 Y   0.59475 0.40525 ( 1)  0.108
  44 A   0.70249 0.29751 ( 1)  0.085
  45 A   0.00008 0.99992 ( 2)  0.235
  46 H   0.99997 0.00003 ( 1)  0.021
  47 S   0.48427 0.51573 ( 2)  0.131
  48 D   0.99703 0.00297 ( 1)  0.022
  49 F   0.99792 0.00208 ( 1)  0.021
  50 G   0.99261 0.00739 ( 1)  0.022
  51 G   0.99973 0.00027 ( 1)  0.021
  52 R   0.99917 0.00083 ( 1)  0.021
  53 A   0.99992 0.00008 ( 1)  0.021
  54 S   0.00182 0.99818 ( 2)  0.235
  55 Q   0.00000 1.00000 ( 2)  0.235
  56 V   0.67249 0.32751 ( 1)  0.091
  57 A   0.03711 0.96289 ( 2)  0.227
  58 N   0.94655 0.05345 ( 1)  0.032
  59 F   0.92536 0.07464 ( 1)  0.037
  60 V   0.19844 0.80156 ( 2)  0.193
  61 D   0.00000 1.00000 ( 2)  0.235
  62 S   0.84602 0.15398 ( 1)  0.054
  63 S   0.00000 1.00000 ( 2)  0.235
  64 T   0.00844 0.99156 ( 2)  0.234
  65 D   0.99994 0.00006 ( 1)  0.021
  66 G   0.99983 0.00017 ( 1)  0.021
  67 N   0.14338 0.85662 ( 2)  0.205
  68 G   0.99991 0.00009 ( 1)  0.021
  69 H   0.99991 0.00009 ( 1)  0.021
  70 G   0.99978 0.00022 ( 1)  0.021
  71 T   0.99873 0.00127 ( 1)  0.021
  72 H   0.99997 0.00003 ( 1)  0.021
  73 V   0.25260 0.74740 ( 2)  0.181
  74 A   0.55882 0.44118 ( 1)  0.115
  75 G   0.99794 0.00206 ( 1)  0.021
  76 T   0.99990 0.00010 ( 1)  0.021
  77 I   0.86368 0.13632 ( 1)  0.050
  78 G   0.99988 0.00012 ( 1)  0.021
  79 G   0.07995 0.92005 ( 2)  0.218
  80 T   0.00329 0.99671 ( 2)  0.235
  81 K   0.41178 0.58822 ( 2)  0.147
  82 Y   0.99984 0.00016 ( 1)  0.021
  83 G   0.99974 0.00026 ( 1)  0.021
  84 V   0.99958 0.00042 ( 1)  0.021
  85 A   0.99985 0.00015 ( 1)  0.021
  86 K   0.99772 0.00228 ( 1)  0.021
  87 R   0.90984 0.09016 ( 1)  0.040
  88 T   0.66732 0.33268 ( 1)  0.092
  89 T   0.00074 0.99926 ( 2)  0.235
  90 L   0.65843 0.34157 ( 1)  0.094
  91 L   0.00002 0.99998 ( 2)  0.235
  92 G   0.96246 0.03754 ( 1)  0.029
  93 V   0.99936 0.00064 ( 1)  0.021
  94 K   0.99844 0.00156 ( 1)  0.021
  95 V   0.99961 0.00039 ( 1)  0.021
  96 L   0.99933 0.00067 ( 1)  0.021
  97 N   0.96971 0.03029 ( 1)  0.027
  98 A   0.94034 0.05966 ( 1)  0.034
  99 S   0.00000 1.00000 ( 2)  0.235
 100 G   0.99994 0.00006 ( 1)  0.021
 101 S   0.00056 0.99944 ( 2)  0.235
 102 G   0.99666 0.00334 ( 1)  0.022
 103 T   0.00340 0.99660 ( 2)  0.235
 104 N   0.28481 0.71519 ( 2)  0.174
 105 S   0.83102 0.16898 ( 1)  0.057
 106 G   0.38301 0.61699 ( 2)  0.153
 107 V   0.98787 0.01213 ( 1)  0.023
 108 I   0.99969 0.00031 ( 1)  0.021
 109 S   0.00009 0.99991 ( 2)  0.235
 110 G   0.99981 0.00019 ( 1)  0.021
 111 M   0.98316 0.01684 ( 1)  0.024
 112 N   0.99836 0.00164 ( 1)  0.021
 113 F   0.41441 0.58559 ( 2)  0.146
 114 V   0.99976 0.00024 ( 1)  0.021
 115 V   0.96613 0.03387 ( 1)  0.028
 116 T   0.00039 0.99961 ( 2)  0.235
 117 D   0.99999 0.00001 ( 1)  0.021
 118 A   0.00000 1.00000 ( 2)  0.235
 119 R   0.00042 0.99958 ( 2)  0.235
 120 T   0.96835 0.03165 ( 1)  0.028
 121 R   0.99977 0.00023 ( 1)  0.021
 122 S   0.00003 0.99997 ( 2)  0.235
 123 C   0.99997 0.00003 ( 1)  0.021
 124 P   0.99522 0.00478 ( 1)  0.022
 125 N   0.03647 0.96353 ( 2)  0.228
 126 G   0.99993 0.00007 ( 1)  0.021
 127 V   0.00026 0.99974 ( 2)  0.235
 128 V   0.95634 0.04366 ( 1)  0.030
 129 V   0.99821 0.00179 ( 1)  0.021
 130 N   0.09452 0.90548 ( 2)  0.215
 131 M   0.98014 0.01986 ( 1)  0.025
 132 S   0.87700 0.12300 ( 1)  0.047
 133 L   0.85445 0.14555 ( 1)  0.052
 134 G   0.95313 0.04687 ( 1)  0.031
 135 G   0.99964 0.00036 ( 1)  0.021
 136 S   0.87148 0.12852 ( 1)  0.048
 137 T   0.45189 0.54811 ( 2)  0.138
 138 S   0.02445 0.97555 ( 2)  0.230
 139 T   0.97752 0.02248 ( 1)  0.026
 140 A   0.75706 0.24294 ( 1)  0.073
 141 V   0.99978 0.00022 ( 1)  0.021
 142 N   0.99999 0.00001 ( 1)  0.021
 143 N   0.00000 1.00000 ( 2)  0.235
 144 A   0.99723 0.00277 ( 1)  0.021
 145 A   0.99982 0.00018 ( 1)  0.021
 146 R   0.96845 0.03155 ( 1)  0.028
 147 A   0.00000 1.00000 ( 2)  0.235
 148 I   0.74001 0.25999 ( 1)  0.077
 149 T   0.00003 0.99997 ( 2)  0.235
 150 S   0.00000 1.00000 ( 2)  0.235
 151 A   0.30026 0.69974 ( 2)  0.171
 152 G   0.99969 0.00031 ( 1)  0.021
 153 H   0.99000 0.01000 ( 1)  0.023
 154 F   0.98849 0.01151 ( 1)  0.023
 155 L   0.24834 0.75166 ( 2)  0.182
 156 A   0.98501 0.01499 ( 1)  0.024
 157 V   0.99979 0.00021 ( 1)  0.021
 158 A   0.99986 0.00014 ( 1)  0.021
 159 A   0.99982 0.00018 ( 1)  0.021
 160 G   0.99987 0.00013 ( 1)  0.021
 161 N   0.99999 0.00001 ( 1)  0.021
 162 S   0.09636 0.90364 ( 2)  0.215
 163 N   0.01204 0.98796 ( 2)  0.233
 164 A   0.00000 1.00000 ( 2)  0.235
 165 N   0.99952 0.00048 ( 1)  0.021
 166 A   0.99987 0.00013 ( 1)  0.021
 167 A   0.00000 1.00000 ( 2)  0.235
 168 S   0.00055 0.99945 ( 2)  0.235
 169 F   0.00001 0.99999 ( 2)  0.235
 170 S   0.99724 0.00276 ( 1)  0.021
 171 P   0.99944 0.00056 ( 1)  0.021
 172 A   0.99974 0.00026 ( 1)  0.021
 173 S   0.96511 0.03489 ( 1)  0.028
 174 E   0.99970 0.00030 ( 1)  0.021
 175 P   0.99354 0.00646 ( 1)  0.022
 176 S   0.00000 1.00000 ( 2)  0.235
 177 A   0.76901 0.23099 ( 1)  0.070
 178 C   0.99997 0.00003 ( 1)  0.021
 179 T   0.99940 0.00060 ( 1)  0.021
 180 V   0.99974 0.00026 ( 1)  0.021
 181 G   0.99914 0.00086 ( 1)  0.021
 182 A   0.99988 0.00012 ( 1)  0.021
 183 T   0.48018 0.51982 ( 2)  0.132
 184 T   0.01431 0.98569 ( 2)  0.232
 185 S   0.00000 1.00000 ( 2)  0.235
 186 T   0.00044 0.99956 ( 2)  0.235
 187 D   0.99999 0.00001 ( 1)  0.021
 188 A   0.00000 1.00000 ( 2)  0.235
 189 K   0.38016 0.61984 ( 2)  0.154
 190 A   0.95313 0.04687 ( 1)  0.031
 191 S   0.00027 0.99973 ( 2)  0.235
 192 Y   0.99924 0.00076 ( 1)  0.021
 193 S   0.99995 0.00005 ( 1)  0.021
 194 N   0.99999 0.00001 ( 1)  0.021
 195 Y   0.99140 0.00860 ( 1)  0.023
 196 G   0.99988 0.00012 ( 1)  0.021
 197 A   0.00000 1.00000 ( 2)  0.235
 198 L   0.14037 0.85963 ( 2)  0.205
 199 V   0.97063 0.02937 ( 1)  0.027
 200 D   0.99999 0.00001 ( 1)  0.021
 201 V   0.99828 0.00172 ( 1)  0.021
 202 F   0.99897 0.00103 ( 1)  0.021
 203 A   0.93097 0.06903 ( 1)  0.036
 204 P   0.99919 0.00081 ( 1)  0.021
 205 G   0.99979 0.00021 ( 1)  0.021
 206 S   0.01273 0.98727 ( 2)  0.233
 207 G   0.00000 1.00000 ( 2)  0.235
 208 I   0.94952 0.05048 ( 1)  0.032
 209 L   0.86950 0.13050 ( 1)  0.049
 210 S   0.95694 0.04306 ( 1)  0.030
 211 A   0.99848 0.00152 ( 1)  0.021
 212 W   0.99322 0.00678 ( 1)  0.022
 213 I   0.73910 0.26090 ( 1)  0.077
 214 G   0.00017 0.99983 ( 2)  0.235
 215 G   0.99936 0.00064 ( 1)  0.021
 216 T   0.00000 1.00000 ( 2)  0.235
 217 T   0.92114 0.07886 ( 1)  0.038
 218 R   0.00026 0.99974 ( 2)  0.235
 219 T   0.03371 0.96629 ( 2)  0.228
 220 I   0.99997 0.00003 ( 1)  0.021
 221 D   0.85551 0.14449 ( 1)  0.052
 222 G   0.99973 0.00027 ( 1)  0.021
 223 T   0.99969 0.00031 ( 1)  0.021
 224 S   0.99993 0.00007 ( 1)  0.021
 225 M   0.99841 0.00159 ( 1)  0.021
 226 A   0.99978 0.00022 ( 1)  0.021
 227 S   0.83614 0.16386 ( 1)  0.056
 228 P   0.99989 0.00011 ( 1)  0.021
 229 H   0.99980 0.00020 ( 1)  0.021
 230 I   0.89837 0.10163 ( 1)  0.043
 231 A   0.97120 0.02880 ( 1)  0.027
 232 G   0.99975 0.00025 ( 1)  0.021
 233 L   0.99848 0.00152 ( 1)  0.021
 234 G   0.99208 0.00792 ( 1)  0.023
 235 A   0.99990 0.00010 ( 1)  0.021
 236 Y   0.99996 0.00004 ( 1)  0.021
 237 L   0.98807 0.01193 ( 1)  0.023
 238 L   0.00000 1.00000 ( 2)  0.235
 239 A   0.41688 0.58312 ( 2)  0.146
 240 L   0.99416 0.00584 ( 1)  0.022
 241 R   0.00008 0.99992 ( 2)  0.235
 242 P   0.00000 1.00000 ( 2)  0.235
 243 Q   0.00000 1.00000 ( 2)  0.235
 244 T   0.04451 0.95549 ( 2)  0.226
 245 A   0.00049 0.99951 ( 2)  0.235
 246 A   0.00103 0.99897 ( 2)  0.235
 247 L   0.10756 0.89244 ( 2)  0.212
 248 C   0.99997 0.00003 ( 1)  0.021
 249 S   0.00000 1.00000 ( 2)  0.235
 250 Y   0.00001 0.99999 ( 2)  0.235
 251 I   0.99995 0.00005 ( 1)  0.021
 252 A   0.00359 0.99641 ( 2)  0.235
 253 T   0.00000 1.00000 ( 2)  0.235
 254 N   0.00006 0.99994 ( 2)  0.235
 255 A   0.62592 0.37408 ( 1)  0.101
 256 N   0.08648 0.91352 ( 2)  0.217
 257 R   0.00283 0.99717 ( 2)  0.235
 258 G   0.00624 0.99376 ( 2)  0.234
 259 V   0.00127 0.99873 ( 2)  0.235
 260 I   0.46339 0.53661 ( 2)  0.136
 261 T   0.00738 0.99262 ( 2)  0.234
 262 G   0.97249 0.02751 ( 1)  0.027
 263 L   0.01264 0.98736 ( 2)  0.233
 264 P   0.99975 0.00025 ( 1)  0.021
 265 S   0.00765 0.99235 ( 2)  0.234
 266 G   0.99894 0.00106 ( 1)  0.021
 267 T   0.99968 0.00032 ( 1)  0.021
 268 V   0.99923 0.00077 ( 1)  0.021
 269 N   0.99999 0.00001 ( 1)  0.021
 270 A   0.00000 1.00000 ( 2)  0.235
 271 L   0.95527 0.04473 ( 1)  0.030
 272 A   0.99987 0.00013 ( 1)  0.021
 273 Y   0.88355 0.11645 ( 1)  0.046
 274 N   0.99999 0.00001 ( 1)  0.021
 275 G   0.98872 0.01128 ( 1)  0.023
 276 A   0.00001 0.99999 ( 2)  0.235

Positively selected sites

	Prob(w>1)  mean w



lnL = -6548.781630

