

TREE # 1

  0  0.0000   8834.588385  x:  0.04593   0.01455   0.04788   0.10225   0.10369   0.01034   0.07829   0.03485   0.02400   0.07575   0.09890   0.10311   0.06005   0.08124   0.09295   0.02496   0.07635   0.08484   0.08126   0.03284   0.03274   4.00000   0.31124   0.20000   0.59591  
  1 99.0000   7056.491072  x:  0.54969   0.99834   0.24045   0.18633   0.19744   1.17653   0.15488   0.21457   0.36374   0.45182   0.20725   0.13306   0.38250   0.20482   0.14854   0.04003   0.07939   0.31064   0.26551   0.14198   0.24149   3.98190   0.33154   0.01323   0.63046  
  2 9862.0288   7041.167260  x:  0.55224   1.00015   0.24231   0.18943   0.19820   1.17925   0.15562   0.21468   0.36438   0.45701   0.21031   0.13412   0.38625   0.20695   0.14951   0.03930   0.07944   0.31519   0.26887   0.14128   0.24125   3.98010   0.33284   0.04033   0.62723  
  3 1411.6330   6847.592815  x:  0.61695   0.82446   0.35824   0.44906   0.24494   1.02045   0.21665   0.18487   0.31399   0.80613   0.46141   0.23722   0.62760   0.37367   0.23851   0.00000   0.11016   0.66062   0.52322   0.06216   0.17228   3.81939   0.48107   0.04299   0.43569  
  4 507.5158   6832.859614  x:  0.63529   0.77703   0.38878   0.51420   0.25711   0.97857   0.23201   0.17723   0.30070   0.89600   0.52474   0.26062   0.68928   0.41342   0.25835   0.07005   0.11927   0.74835   0.58803   0.04843   0.16093   3.77361   0.51961   0.04503   0.39255  
  5 3301.4747   6795.595793  x:  0.69089   0.67920   0.43960   0.57215   0.27296   0.91129   0.24276   0.17170   0.27799   1.01549   0.58485   0.22788   0.75869   0.41345   0.21466   0.08495   0.03751   0.84615   0.66257   0.18606   0.29191   3.63333   0.56819   0.05445   0.50074  
  6 318.4033   6779.456000  x:  0.75690   0.61078   0.47970   0.58167   0.28168   0.88338   0.24015   0.18229   0.26469   1.09404   0.60223   0.16342   0.79372   0.37777   0.14159   0.08088   0.15872   0.89371   0.69862   0.21770   0.33652   3.47645   0.60630   0.06177   0.59938  
  7 284.8616   6752.821153  x:  0.87235   0.53384   0.53073   0.54250   0.28526   0.88231   0.22244   0.21225   0.25256   1.18063   0.58401   0.07514   0.82209   0.30329   0.04712   0.08396   0.11393   0.91861   0.71708   0.12691   0.28755   3.18135   0.67030   0.06398   0.67259  
  8 217.7361   6699.476257  x:  1.13541   0.35981   0.62714   0.38292   0.27669   0.89279   0.16279   0.25756   0.22152   1.32290   0.48638   0.11780   0.85155   0.22258   0.15862   0.08476   0.08612   0.90778   0.70846   0.00000   0.25042   2.42435   0.83646   0.07481   0.84413  
  9 391.0068   6629.725621  x:  1.45709   0.18234   0.72325   0.12270   0.23208   0.91799   0.16121   0.28982   0.15820   1.45837   0.29333   0.12544   0.83163   0.22809   0.14349   0.07792   0.08614   0.85067   0.67898   0.10211   0.19668   1.23398   1.15171   0.07468   0.70035  
 10 482.2404   6623.563273  x:  1.46954   0.23223   0.74549   0.15272   0.22788   0.89017   0.15903   0.20766   0.15335   1.43433   0.29155   0.10561   0.79778   0.25158   0.14090   0.07748   0.08591   0.84337   0.67849   0.05596   0.25046   1.06630   1.16254   0.07384   0.68807  
 11 85.3355   6622.680248  x:  1.47035   0.24025   0.74727   0.16629   0.22898   0.88205   0.19359   0.22224   0.15744   1.41943   0.30038   0.10280   0.78742   0.24766   0.14535   0.07732   0.08592   0.83995   0.67886   0.04370   0.26624   1.03502   1.15970   0.07410   0.68424  
 12 41.3650   6621.942434  x:  1.48085   0.23479   0.74008   0.19369   0.23518   0.88281   0.16993   0.24776   0.17558   1.38412   0.33326   0.11037   0.78172   0.22989   0.14454   0.07699   0.08704   0.83491   0.68612   0.04351   0.27967   1.00804   1.14013   0.07312   0.66394  
 13 15.2685   6621.104770  x:  1.51189   0.21687   0.73057   0.20496   0.22828   0.89183   0.16715   0.25930   0.17392   1.33524   0.36486   0.12975   0.79297   0.26338   0.12124   0.07736   0.08660   0.82936   0.69209   0.03737   0.28553   0.99059   1.09813   0.07240   0.65893  
 14 15.9967   6618.436128  x:  1.63406   0.18008   0.72766   0.20600   0.19464   0.90658   0.19475   0.21882   0.13056   1.20526   0.43985   0.10162   0.85120   0.25611   0.14463   0.07612   0.08756   0.83668   0.70908   0.05012   0.29100   0.97731   0.97406   0.06739   0.60039  
 15 24.6396   6614.223757  x:  1.79240   0.22612   0.80783   0.18421   0.20512   0.80983   0.18997   0.24081   0.10027   1.10978   0.42869   0.13117   0.85996   0.25397   0.13051   0.07436   0.08840   0.89025   0.71388   0.05413   0.32498   1.00375   0.83304   0.06080   0.50599  
 16 21.6329   6609.677763  x:  1.88387   0.21324   0.85608   0.18011   0.27738   0.75810   0.22159   0.20154   0.22276   1.07841   0.41637   0.11530   0.79669   0.29429   0.14387   0.07329   0.08615   0.93059   0.71494   0.08479   0.30468   1.01968   0.66874   0.05421   0.43094  
 17 33.5205   6597.660044  x:  1.67030   0.28131   0.79798   0.30701   0.23398   0.81891   0.25758   0.17717   0.14662   1.22544   0.39766   0.17581   0.68341   0.26304   0.13476   0.07342   0.08246   0.90542   0.76752   0.15722   0.23179   0.96410   0.31298   0.03804   0.32415  
 18 20.0850   6589.674154  x:  1.40161   0.36104   0.72562   0.29035   0.22010   0.82813   0.22899   0.23113   0.15480   1.24944   0.42106   0.09178   0.79462   0.32789   0.17334   0.07307   0.08072   0.90280   0.75667   0.15712   0.24706   0.92403   0.22777   0.03053   0.26657  
 19 39.3246   6583.628015  x:  1.17826   0.47591   0.65824   0.28369   0.23374   0.82193   0.24377   0.21383   0.18216   1.17978   0.47007   0.11554   0.89437   0.31816   0.16115   0.07363   0.07713   0.95046   0.76885   0.20208   0.16211   0.88813   0.26453   0.02879   0.29185  
 20 61.4836   6580.315547  x:  1.07056   0.47221   0.60834   0.26177   0.24608   0.87846   0.26480   0.17077   0.19334   1.14069   0.49539   0.16308   0.91065   0.28313   0.12293   0.07261   0.07735   0.97556   0.78916   0.16840   0.20873   0.90927   0.37936   0.02747   0.27369  
 21 36.4508   6577.384580  x:  1.02373   0.47488   0.57033   0.30298   0.21961   0.94016   0.24889   0.18214   0.14725   1.07891   0.52626   0.12225   0.81632   0.32398   0.14040   0.07328   0.07209   1.00144   0.83552   0.15572   0.20762   0.95514   0.57404   0.02909   0.29705  
 22 27.6863   6576.957710  x:  1.04121   0.47864   0.57632   0.33496   0.18087   0.92946   0.25107   0.17588   0.16489   1.09809   0.54639   0.12561   0.82464   0.32570   0.13594   0.07304   0.07183   0.95292   0.80009   0.15619   0.20572   0.97125   0.62187   0.02955   0.30059  
 23  6.8107   6576.670264  x:  1.04938   0.47247   0.57622   0.37031   0.22622   0.93417   0.25296   0.17330   0.14539   1.10765   0.53482   0.12396   0.84299   0.32945   0.13643   0.07272   0.07215   0.92578   0.76610   0.15577   0.20647   0.97613   0.64259   0.02979   0.30220  
 24  3.2599   6573.425688  x:  0.97860   0.41858   0.63745   0.33213   0.22076   0.95537   0.24472   0.18502   0.15573   1.24330   0.51725   0.13069   0.82912   0.34078   0.14330   0.07147   0.08029   1.00963   0.67360   0.11138   0.27774   0.96828   0.66173   0.02963   0.32242  
 25  1.2252   6572.190637  x:  0.98082   0.41323   0.61824   0.31915   0.22360   0.92553   0.24622   0.18655   0.18868   1.28935   0.44552   0.12900   0.86275   0.34496   0.14999   0.07055   0.08362   0.94664   0.80740   0.08823   0.30643   0.97158   0.68063   0.03016   0.33243  
 26  9.0952   6571.952712  x:  1.00391   0.42702   0.57943   0.29202   0.24097   0.90662   0.24625   0.18493   0.18205   1.31242   0.47056   0.12920   0.85137   0.34686   0.14984   0.07033   0.08354   0.93929   0.81689   0.08360   0.31039   0.96989   0.68990   0.03014   0.33366  
 27  3.2263   6570.023264  x:  1.13833   0.38500   0.54360   0.30528   0.20648   0.88649   0.24394   0.18203   0.20610   1.29977   0.39859   0.13710   0.85795   0.34811   0.14853   0.06783   0.08037   1.04013   0.80261   0.05942   0.31224   0.92600   0.80278   0.02951   0.33121  
 28  1.3628   6568.739186  x:  1.17706   0.34752   0.70004   0.25122   0.23695   0.89612   0.24330   0.17602   0.18765   1.28356   0.44958   0.14569   0.84141   0.35702   0.14461   0.06547   0.07718   1.01359   0.83932   0.05407   0.29585   0.89982   0.88205   0.02988   0.32887  
 29  8.1602   6565.536040  x:  1.12309   0.35596   0.65644   0.31780   0.22820   0.88390   0.24939   0.19152   0.17283   1.39889   0.49766   0.15230   0.92073   0.37834   0.15166   0.05610   0.07696   1.08162   0.87533   0.02056   0.26460   0.91772   0.80306   0.02818   0.31141  
 30  0.1094   6563.973760  x:  1.14809   0.34704   0.65711   0.36903   0.21508   0.87628   0.26019   0.17892   0.16612   1.44372   0.53650   0.15237   0.95428   0.38250   0.17060   0.04504   0.09756   1.12357   0.92739   0.01543   0.30754   0.91791   0.63037   0.02663   0.29322  
 31  0.0951   6562.629652  x:  1.17059   0.34095   0.66217   0.38322   0.21076   0.89250   0.25733   0.18102   0.17380   1.46719   0.55493   0.14981   0.96381   0.38314   0.16854   0.03327   0.09621   1.15345   0.96420   0.00000   0.32210   0.90013   0.69815   0.02728   0.28974  
 32  0.0631   6562.629652  x:  1.17059   0.34095   0.66217   0.38322   0.21076   0.89250   0.25733   0.18102   0.17380   1.46719   0.55493   0.14981   0.96381   0.38314   0.16854   0.03327   0.09621   1.15345   0.96420   0.00000   0.32210   0.90013   0.69815   0.02728   0.28974  
 33  0.0928   6562.557858  x:  1.17068   0.34115   0.66221   0.38322   0.21079   0.89272   0.25735   0.18107   0.17387   1.46724   0.55493   0.14978   0.96385   0.38313   0.16849   0.03328   0.09613   1.15347   0.96422   0.00006   0.32214   0.90015   0.69816   0.02623   0.28987  
 34 126.3527   6560.083575  x:  1.20188   0.40762   0.67409   0.38228   0.21908   0.96591   0.26360   0.19851   0.19731   1.48355   0.55475   0.13762   0.97718   0.37965   0.15035   0.03449   0.06824   1.16212   0.97103   0.01660   0.33370   0.90383   0.69903   0.02760   0.30441  
 35 44.7957   6557.893831  x:  1.23884   0.48310   0.68802   0.38038   0.22779   1.05249   0.26718   0.21350   0.22278   1.50335   0.55449   0.12883   0.99329   0.37927   0.13461   0.05728   0.08559   1.17235   0.97878   0.02564   0.33846   0.90999   0.70120   0.02793   0.30430  
 36 202.8079   6554.805928  x:  1.28907   0.57573   0.70675   0.37663   0.23695   1.16884   0.26287   0.21891   0.25123   1.53175   0.55493   0.13398   1.01637   0.38983   0.13117   0.02494   0.10801   1.18653   0.98909   0.01577   0.32608   0.91953   0.70445   0.02563   0.27764  
 37 162.0385   6553.642231  x:  1.31833   0.61270   0.71725   0.37508   0.23919   1.23359   0.25283   0.20295   0.25998   1.55060   0.55847   0.15499   1.03262   0.40578   0.15017   0.03715   0.09417   1.19561   0.99649   0.00000   0.31068   0.92103   0.70415   0.02455   0.26460  
 38 83.0097   6553.101297  x:  1.33650   0.61553   0.72325   0.37588   0.23745   1.26945   0.24901   0.18535   0.25612   1.56502   0.56353   0.16835   1.04435   0.41572   0.16300   0.03405   0.10000   1.20264   1.00360   0.00850   0.31613   0.91479   0.70075   0.02564   0.27745  
 39 39.6263   6552.321141  x:  1.37475   0.58617   0.73533   0.37828   0.22613   1.33694   0.26768   0.17538   0.22985   1.59985   0.57727   0.17151   1.06903   0.42099   0.16751   0.03528   0.09790   1.21921   1.02144   0.02532   0.32747   0.89989   0.69048   0.02381   0.25529  
 40 29.9961   6550.982048  x:  1.44850   0.51956   0.76099   0.38400   0.20568   1.46155   0.30468   0.17337   0.17883   1.66859   0.60534   0.16235   1.11604   0.42198   0.16095   0.03465   0.09945   1.25346   1.05672   0.01065   0.31405   0.86999   0.66433   0.02361   0.25769  
 41 90.5137   6550.494831  x:  1.48159   0.48118   0.77951   0.38965   0.20775   1.50452   0.26920   0.17580   0.17108   1.70145   0.62069   0.14686   1.13195   0.41663   0.15187   0.03515   0.09815   1.27414   1.07338   0.00573   0.31979   0.88038   0.64600   0.02293   0.25335  
 42 22.4383   6550.269445  x:  1.50144   0.45831   0.79547   0.39460   0.21426   1.52127   0.26172   0.19928   0.17471   1.72165   0.63071   0.15233   1.13844   0.42260   0.16048   0.03495   0.09898   1.28902   1.08328   0.00249   0.32842   0.89695   0.63398   0.02299   0.25381  
 43 19.4110   6550.199196  x:  1.50708   0.45575   0.80305   0.39707   0.21753   1.52035   0.26500   0.19657   0.17861   1.72708   0.63304   0.15311   1.13806   0.42366   0.15860   0.03493   0.09901   1.29421   1.08602   0.00000   0.33134   0.90040   0.62980   0.02290   0.25314  
 44  7.4464   6550.199196  x:  1.50708   0.45575   0.80305   0.39707   0.21753   1.52035   0.26500   0.19657   0.17861   1.72708   0.63304   0.15311   1.13806   0.42366   0.15860   0.03493   0.09901   1.29421   1.08602   0.00000   0.33134   0.90040   0.62980   0.02290   0.25314  
 45  5.4033   6550.193834  x:  1.50710   0.45582   0.80307   0.39707   0.21754   1.52037   0.26503   0.19659   0.17864   1.72709   0.63304   0.15307   1.13806   0.42365   0.15855   0.03485   0.09892   1.29422   1.08603   0.00005   0.33139   0.90040   0.62979   0.02266   0.25321  
 46 35.4293   6550.087015  x:  1.50828   0.45931   0.80426   0.39742   0.21837   1.52156   0.26653   0.19742   0.18048   1.72762   0.63290   0.15119   1.13792   0.42260   0.15575   0.03067   0.09424   1.29483   1.08638   0.00264   0.33390   0.90029   0.62944   0.02293   0.25591  
 47 33.1129   6549.943041  x:  1.51191   0.47006   0.80794   0.39831   0.22076   1.52525   0.27056   0.19949   0.18605   1.72922   0.63245   0.14622   1.13749   0.41984   0.14820   0.03654   0.09083   1.29667   1.08736   0.00814   0.33955   0.90060   0.62869   0.02325   0.25952  
 48 25.6305   6549.740939  x:  1.52126   0.49685   0.81728   0.39968   0.22586   1.53478   0.27645   0.20165   0.19891   1.73336   0.63100   0.14013   1.13632   0.41718   0.13611   0.03296   0.09757   1.30117   1.08947   0.00751   0.34127   0.90332   0.62758   0.02263   0.25208  
 49 20.5288   6549.516108  x:  1.53246   0.52558   0.82778   0.40122   0.23132   1.54646   0.27800   0.19958   0.21274   1.73862   0.63014   0.14370   1.13627   0.42008   0.13456   0.03415   0.09458   1.30655   1.09237   0.00000   0.33726   0.90552   0.62582   0.02265   0.25290  
 50 26.1321   6549.363513  x:  1.54597   0.55350   0.83859   0.40291   0.23596   1.56109   0.27509   0.19583   0.22530   1.74541   0.62975   0.15431   1.13749   0.42702   0.14201   0.03344   0.09600   1.31271   1.09681   0.00644   0.34384   0.90727   0.62437   0.02240   0.24921  
 51 25.3888   6549.325028  x:  1.55495   0.55693   0.84227   0.40329   0.23477   1.57202   0.27315   0.20025   0.22442   1.75110   0.63080   0.15463   1.14097   0.42709   0.14394   0.03238   0.09994   1.31643   1.10157   0.00745   0.34311   0.90430   0.62236   0.02268   0.25296  
 52  5.8759   6549.163933  x:  1.59773   0.56641   0.85821   0.40418   0.22693   1.62460   0.26362   0.21931   0.21590   1.77862   0.63626   0.15229   1.15821   0.42530   0.15048   0.03344   0.09656   1.33370   1.12457   0.01112   0.33791   0.89229   0.61353   0.02194   0.24476  
 53 24.1539   6549.030525  x:  1.63732   0.56526   0.87228   0.40440   0.22207   1.67430   0.25945   0.20417   0.20707   1.80541   0.64371   0.14743   1.17516   0.42569   0.14596   0.03338   0.09699   1.35071   1.14592   0.01293   0.33643   0.88942   0.60519   0.02156   0.24199  
 54 15.7657   6548.897809  x:  1.67972   0.55586   0.88726   0.40376   0.22110   1.72841   0.28269   0.19769   0.20031   1.83532   0.65404   0.15091   1.19367   0.43408   0.14475   0.03319   0.09730   1.37002   1.16821   0.01197   0.33808   0.89780   0.59800   0.02122   0.23850  
 55 19.4192   6548.846787  x:  1.69602   0.54057   0.89549   0.40440   0.23408   1.75054   0.27663   0.20243   0.21198   1.84950   0.66305   0.15147   1.19959   0.43843   0.14051   0.03309   0.09730   1.38085   1.17546   0.00538   0.34607   0.90935   0.59589   0.02108   0.23733  
 56  4.6461   6548.838670  x:  1.69825   0.53663   0.90047   0.40763   0.23769   1.75313   0.27826   0.20171   0.21522   1.85243   0.66566   0.15335   1.19931   0.43720   0.14014   0.03304   0.09740   1.38357   1.17598   0.00166   0.35028   0.90186   0.59676   0.02096   0.23595  
 57  1.4022   6548.835139  x:  1.69886   0.53646   0.90568   0.41235   0.23663   1.75242   0.27781   0.20213   0.21339   1.85372   0.66661   0.15439   1.19888   0.43698   0.13932   0.03305   0.09735   1.38459   1.17640   0.00000   0.35220   0.90283   0.59724   0.02096   0.23594  
 58  0.5496   6548.826057  x:  1.69875   0.53516   0.90861   0.41442   0.23811   1.75187   0.27801   0.20205   0.21473   1.85443   0.66761   0.15551   1.19823   0.43698   0.13828   0.03306   0.09733   1.38547   1.17591   0.00000   0.34659   0.90264   0.59762   0.02096   0.23585  
 59  1.6871   6548.824202  x:  1.69970   0.53554   0.91266   0.41472   0.23755   1.75122   0.27839   0.20173   0.21520   1.85550   0.66941   0.15248   1.19832   0.43719   0.14085   0.03304   0.09733   1.38593   1.17473   0.00000   0.34651   0.90324   0.59779   0.02096   0.23591  
 60  0.3768   6548.819333  x:  1.70323   0.53793   0.91910   0.40816   0.23528   1.75059   0.27793   0.20231   0.21615   1.85745   0.67154   0.15187   1.20073   0.44170   0.13896   0.03316   0.09710   1.38577   1.17068   0.00000   0.34647   0.90192   0.59736   0.02097   0.23599  
 61  0.4156   6548.810785  x:  1.70990   0.54377   0.92394   0.40182   0.23704   1.75227   0.27821   0.20210   0.21756   1.85873   0.67169   0.15577   1.20564   0.43441   0.13908   0.03316   0.09686   1.38586   1.16961   0.00000   0.34647   0.90362   0.59629   0.02097   0.23618  
 62  0.5162   6548.803263  x:  1.71545   0.54957   0.92491   0.40360   0.24047   1.75563   0.27841   0.20217   0.21822   1.85882   0.66978   0.15555   1.20609   0.43550   0.13887   0.03326   0.09653   1.38690   1.17372   0.00376   0.34669   0.90355   0.59538   0.02095   0.23609  
 63  0.7678   6548.787338  x:  1.72511   0.56017   0.92558   0.40890   0.24669   1.76252   0.27875   0.20235   0.21955   1.85876   0.66581   0.15419   1.20546   0.43947   0.13839   0.03345   0.09591   1.38921   1.18252   0.00000   0.34711   0.90302   0.59384   0.02092   0.23589  
 64  4.8445   6548.782890  x:  1.72466   0.56368   0.92235   0.41279   0.23895   1.76790   0.27893   0.20230   0.22635   1.86138   0.66940   0.15536   1.20278   0.43908   0.13754   0.03345   0.09575   1.39128   1.18558   0.00000   0.34729   0.90346   0.59437   0.02092   0.23590  
 65  0.5772   6548.782148  x:  1.71977   0.56554   0.92117   0.41329   0.23979   1.77195   0.27883   0.20239   0.22503   1.86438   0.66980   0.15522   1.20339   0.43918   0.13752   0.03346   0.09571   1.39362   1.18285   0.00000   0.34729   0.90352   0.59555   0.02093   0.23594  
 66  0.1762   6548.782076  x:  1.71901   0.56536   0.92184   0.41338   0.23964   1.77297   0.27890   0.20237   0.22542   1.86456   0.66879   0.15518   1.20348   0.43918   0.13762   0.03346   0.09573   1.39323   1.18269   0.00000   0.34734   0.90354   0.59444   0.02092   0.23587  
 67  0.0474   6548.781886  x:  1.71979   0.56620   0.92360   0.41332   0.24052   1.77495   0.27887   0.20247   0.22529   1.86552   0.66969   0.15523   1.20324   0.43935   0.13736   0.03343   0.09579   1.39184   1.18448   0.00000   0.34749   0.90363   0.59496   0.02090   0.23569  
 68  0.0170   6548.781685  x:  1.72237   0.56680   0.92453   0.41412   0.24060   1.77594   0.27889   0.20255   0.22576   1.86564   0.66913   0.15512   1.20425   0.43962   0.13719   0.03341   0.09586   1.39438   1.18458   0.00000   0.34765   0.90373   0.59530   0.02088   0.23544  
 69  0.0514   6548.781668  x:  1.72270   0.56691   0.92446   0.41410   0.24071   1.77592   0.27891   0.20256   0.22559   1.86583   0.66939   0.15519   1.20384   0.43957   0.13718   0.03341   0.09588   1.39472   1.18442   0.00000   0.34767   0.90374   0.59470   0.02087   0.23539  
 70  0.0321   6548.781650  x:  1.72297   0.56700   0.92440   0.41427   0.24065   1.77568   0.27893   0.20257   0.22569   1.86672   0.66944   0.15518   1.20431   0.43956   0.13716   0.03340   0.09591   1.39449   1.18436   0.00000   0.34758   0.90376   0.59452   0.02087   0.23533  
 71  0.0043   6548.781637  x:  1.72299   0.56690   0.92464   0.41384   0.24047   1.77588   0.27891   0.20257   0.22566   1.86674   0.66932   0.15519   1.20406   0.43944   0.13718   0.03340   0.09593   1.39469   1.18442   0.00000   0.34747   0.90384   0.59477   0.02087   0.23534  
 72  0.0106   6548.781633  x:  1.72292   0.56694   0.92475   0.41383   0.24045   1.77607   0.27891   0.20259   0.22563   1.86635   0.66962   0.15520   1.20425   0.43945   0.13716   0.03339   0.09594   1.39476   1.18444   0.00000   0.34744   0.90384   0.59467   0.02087   0.23532  
 73  0.0110   6548.781632  x:  1.72300   0.56694   0.92472   0.41388   0.24045   1.77616   0.27891   0.20259   0.22562   1.86630   0.66963   0.15520   1.20423   0.43944   0.13716   0.03339   0.09594   1.39468   1.18433   0.00000   0.34744   0.90384   0.59470   0.02087   0.23533  
 74  0.0025   6548.781630  x:  1.72311   0.56707   0.92467   0.41386   0.24047   1.77627   0.27892   0.20259   0.22560   1.86634   0.66957   0.15514   1.20426   0.43950   0.13718   0.03340   0.09594   1.39473   1.18449   0.00000   0.34740   0.90383   0.59465   0.02087   0.23534  
 75  0.0004   6548.781630  x:  1.72310   0.56706   0.92472   0.41388   0.24049   1.77625   0.27892   0.20259   0.22561   1.86634   0.66957   0.15516   1.20424   0.43950   0.13716   0.03340   0.09593   1.39474   1.18448   0.00000   0.34739   0.90382   0.59466   0.02087   0.23534  
 76  0.0001   6548.781630  x:  1.72310   0.56706   0.92471   0.41388   0.24049   1.77624   0.27892   0.20259   0.22561   1.86633   0.66957   0.15515   1.20424   0.43950   0.13717   0.03340   0.09593   1.39473   1.18448   0.00000   0.34738   0.90382   0.59466   0.02087   0.23534  
 77  0.0000   6548.781630  x:  1.72309   0.56706   0.92471   0.41388   0.24049   1.77624   0.27892   0.20259   0.22561   1.86633   0.66957   0.15515   1.20424   0.43950   0.13717   0.03340   0.09593   1.39473   1.18448   0.00000   0.34738   0.90382   0.59466   0.02087   0.23534  
 78  0.0000   6548.781630  x:  1.72309   0.56706   0.92471   0.41388   0.24049   1.77624   0.27892   0.20259   0.22561   1.86633   0.66957   0.15515   1.20424   0.43950   0.13717   0.03340   0.09593   1.39473   1.18448   0.00000   0.34738   0.90382   0.59466   0.02087   0.23534  